2739	1
2825	1
2839	1
2938	1
2939	1
2946	1
2951	1
2963	1
2987	1
2993	1
2996	1
3005	1
3031	1
3044	1
3048	1
3054	1
3058	1
3070	1
3076	1
3078	1
3098	1
3100	1
3105	1
3118	1
3119	2
3120	1
3149	1
3151	1
3153	1
3158	1
3161	1
3170	1
3173	1
3180	1
3182	1
3183	1
3184	1
3192	1
3194	1
3195	2
3199	1
3203	2
3205	1
3210	1
3217	1
3221	1
3222	1
3224	1
3228	1
3229	1
3231	1
3232	1
3235	3
3239	1
3244	1
3246	1
3250	1
3254	1
3258	1
3260	1
3261	1
3264	1
3265	1
3268	1
3269	2
3271	1
3272	2
3273	1
3277	1
3279	1
3280	2
3281	1
3285	1
3293	2
3296	1
3301	1
3302	1
3303	1
3304	1
3311	1
3312	1
3313	1
3314	2
3320	1
3322	1
3327	2
3329	2
3330	1
3332	1
3334	1
3336	1
3338	1
3340	3
3345	1
3347	1
3349	2
3354	1
3356	1
3358	1
3362	1
3366	1
3367	1
3368	2
3369	3
3370	1
3371	1
3372	2
3373	2
3374	1
3375	1
3380	1
3383	1
3384	1
3385	1
3386	1
3389	1
3393	2
3394	1
3395	1
3403	1
3406	2
3407	1
3408	3
3409	1
3410	1
3412	1
3413	2
3415	1
3416	1
3417	2
3418	2
3419	1
3420	2
3421	1
3428	1
3430	1
3433	1
3442	2
3443	2
3449	2
3451	1
3452	2
3454	1
3455	2
3456	2
3457	1
3458	1
3461	3
3463	2
3464	3
3469	2
3470	1
3472	1
3474	3
3476	1
3477	1
3479	1
3480	2
3482	2
3484	2
3485	1
3488	2
3489	1
3491	2
3493	1
3494	1
3495	1
3496	2
3498	2
3502	1
3503	2
3504	1
3505	1
3507	1
3508	4
3511	1
3512	1
3513	1
3519	2
3520	1
3521	2
3524	3
3525	1
3528	1
3530	3
3531	1
3532	2
3537	2
3543	1
3547	1
3548	1
3549	2
3551	1
3552	1
3553	1
3554	1
3555	1
3556	2
3557	1
3558	1
3559	2
3562	1
3563	1
3564	1
3565	1
3566	1
3567	2
3568	1
3569	1
3570	2
3571	3
3572	2
3573	1
3574	2
3575	2
3577	1
3578	1
3579	2
3580	3
3581	2
3582	1
3583	2
3584	2
3586	1
3587	1
3588	1
3589	2
3590	2
3591	2
3592	4
3593	2
3594	1
3595	2
3598	3
3599	1
3602	1
3603	2
3604	1
3606	2
3607	1
3608	1
3609	3
3610	1
3611	2
3612	2
3613	3
3615	2
3616	2
3617	3
3619	2
3621	1
3623	2
3624	2
3625	1
3626	1
3627	3
3628	1
3629	2
3630	1
3632	2
3633	2
3636	2
3637	2
3638	5
3639	2
3643	2
3644	1
3645	3
3646	3
3647	2
3648	3
3650	1
3652	2
3653	2
3654	1
3655	1
3656	2
3659	1
3660	2
3663	2
3664	1
3666	2
3667	2
3669	1
3670	3
3671	2
3672	1
3673	1
3674	3
3676	2
3677	2
3678	2
3680	1
3681	2
3682	2
3683	2
3686	4
3687	2
3688	1
3689	2
3690	1
3691	2
3692	2
3693	3
3694	3
3695	3
3696	6
3698	2
3699	2
3700	1
3701	2
3702	3
3703	2
3704	5
3705	2
3706	1
3707	2
3708	1
3710	3
3713	1
3717	2
3718	1
3719	2
3720	3
3721	2
3722	2
3723	3
3725	2
3726	2
3727	2
3728	4
3729	1
3730	2
3731	1
3732	2
3733	1
3734	5
3735	6
3736	6
3737	4
3738	2
3739	4
3740	2
3741	3
3742	3
3743	1
3744	2
3746	1
3747	1
3748	3
3749	1
3753	3
3754	1
3755	1
3756	6
3757	1
3758	2
3759	4
3760	4
3761	2
3763	2
3764	5
3765	5
3766	1
3769	1
3770	3
3772	1
3773	2
3774	2
3775	4
3776	1
3777	7
3778	5
3779	2
3780	1
3781	1
3782	1
3783	2
3784	3
3785	3
3786	1
3787	3
3788	4
3789	3
3790	3
3792	6
3793	1
3794	2
3795	2
3796	2
3797	7
3798	2
3799	3
3800	1
3801	1
3802	4
3804	2
3805	2
3806	3
3807	3
3808	3
3809	5
3810	4
3811	5
3812	2
3813	1
3814	3
3815	4
3817	2
3818	2
3819	2
3820	1
3821	2
3822	1
3823	2
3824	2
3825	1
3826	2
3827	2
3828	1
3829	5
3830	2
3831	3
3832	1
3833	2
3834	6
3835	1
3836	1
3837	4
3838	2
3839	2
3840	2
3841	4
3842	4
3843	5
3844	2
3845	3
3846	1
3847	1
3848	4
3849	5
3850	4
3851	1
3852	2
3853	1
3854	3
3856	2
3857	3
3858	4
3859	2
3860	3
3861	4
3862	4
3863	7
3864	2
3865	6
3866	3
3867	3
3868	3
3870	3
3871	3
3872	7
3873	6
3874	6
3875	5
3876	4
3877	1
3878	5
3879	1
3880	3
3881	4
3882	2
3883	5
3885	5
3886	3
3887	2
3888	1
3889	3
3890	3
3891	2
3892	3
3893	2
3894	6
3895	4
3896	5
3897	2
3898	1
3899	2
3900	3
3901	1
3902	1
3903	4
3904	3
3905	1
3907	4
3908	1
3909	1
3910	3
3911	5
3912	3
3913	5
3914	2
3915	4
3916	4
3917	5
3918	4
3919	5
3920	6
3921	2
3922	3
3923	4
3924	1
3925	5
3926	1
3927	3
3928	3
3929	5
3930	4
3931	6
3932	7
3933	6
3934	4
3935	1
3936	4
3937	3
3938	1
3939	5
3940	5
3941	6
3942	7
3943	9
3944	2
3945	1
3946	2
3947	1
3948	3
3949	3
3950	8
3951	3
3952	4
3953	2
3954	3
3956	5
3957	5
3958	2
3959	4
3960	1
3961	2
3962	1
3963	1
3964	6
3965	4
3966	2
3967	6
3968	3
3969	3
3970	1
3971	5
3972	4
3973	1
3974	7
3975	1
3976	6
3977	1
3978	4
3979	4
3980	5
3981	2
3982	7
3983	6
3984	6
3985	4
3986	3
3987	3
3988	11
3989	4
3990	3
3991	3
3993	5
3994	2
3995	6
3996	2
3997	5
3998	2
3999	4
4000	7
4001	2
4002	4
4003	2
4004	3
4005	4
4006	4
4007	3
4008	4
4009	4
4010	2
4011	3
4012	5
4013	3
4014	5
4015	2
4016	3
4017	2
4018	3
4019	6
4020	3
4021	6
4022	3
4023	4
4024	5
4025	4
4026	4
4027	3
4028	1
4029	6
4030	8
4031	4
4032	5
4033	5
4034	3
4035	3
4036	6
4037	2
4038	4
4039	3
4040	5
4041	3
4042	2
4043	4
4044	3
4045	7
4046	3
4047	2
4048	6
4049	6
4050	4
4051	1
4052	7
4053	3
4054	3
4055	5
4056	3
4057	8
4058	7
4059	6
4060	2
4061	4
4062	1
4063	3
4064	6
4065	5
4066	4
4067	8
4068	3
4069	9
4070	3
4071	5
4072	5
4073	8
4074	4
4076	6
4077	5
4078	5
4079	1
4080	8
4081	3
4082	3
4083	6
4084	4
4085	4
4086	11
4087	3
4088	4
4089	7
4090	6
4091	4
4092	7
4093	1
4094	5
4095	2
4096	5
4097	1
4098	9
4099	3
4100	4
4101	2
4102	6
4103	6
4104	2
4105	7
4106	4
4107	6
4108	5
4109	1
4110	9
4111	4
4112	6
4113	2
4114	6
4115	5
4116	4
4117	6
4118	5
4119	4
4120	15
4121	3
4122	7
4123	4
4124	4
4125	3
4126	3
4127	6
4128	2
4129	4
4130	7
4131	4
4133	3
4134	5
4135	1
4136	6
4137	9
4138	7
4139	5
4140	6
4141	4
4142	2
4143	1
4144	1
4145	3
4146	5
4147	4
4148	6
4149	7
4150	8
4151	7
4152	8
4153	2
4154	7
4156	4
4157	9
4158	8
4159	5
4160	4
4161	1
4162	2
4163	6
4164	10
4165	3
4166	9
4167	3
4168	3
4169	3
4170	3
4171	2
4172	7
4173	6
4174	6
4175	4
4176	4
4177	7
4178	10
4179	5
4180	7
4181	4
4182	6
4183	9
4184	4
4185	3
4186	4
4187	4
4188	6
4189	9
4190	5
4191	4
4192	9
4193	6
4194	3
4195	2
4196	5
4197	6
4198	1
4199	7
4200	3
4201	8
4202	11
4203	8
4204	6
4205	6
4206	7
4207	2
4208	7
4209	3
4210	9
4211	7
4212	8
4213	5
4214	5
4215	4
4216	9
4217	5
4218	7
4219	5
4220	5
4221	6
4222	4
4223	5
4224	6
4225	6
4226	7
4227	6
4228	2
4229	5
4230	9
4231	8
4232	5
4233	4
4234	3
4235	5
4236	1
4237	7
4238	6
4239	12
4240	10
4241	7
4242	7
4243	8
4244	4
4245	5
4246	2
4247	3
4248	4
4249	4
4250	7
4251	6
4252	6
4253	4
4254	6
4255	3
4256	7
4257	6
4258	10
4259	5
4260	6
4261	5
4262	8
4263	7
4264	4
4265	9
4266	8
4267	7
4268	8
4269	3
4270	5
4271	14
4272	12
4273	6
4274	3
4275	6
4276	4
4277	7
4278	8
4279	6
4280	6
4281	8
4282	10
4283	2
4284	5
4285	5
4286	7
4287	8
4288	6
4289	6
4290	3
4291	6
4292	8
4293	5
4294	7
4295	7
4296	7
4297	8
4298	4
4299	9
4300	7
4301	6
4302	5
4303	4
4304	6
4305	4
4306	6
4307	7
4308	6
4309	7
4310	7
4311	6
4312	3
4313	7
4314	6
4315	3
4316	4
4317	7
4318	6
4319	10
4320	10
4321	2
4322	4
4323	6
4324	6
4325	9
4326	1
4327	8
4328	10
4329	6
4330	8
4331	8
4332	8
4333	7
4334	9
4335	8
4336	7
4337	2
4338	6
4339	9
4340	6
4341	7
4342	11
4343	6
4344	7
4345	6
4346	4
4347	4
4348	7
4349	9
4350	8
4351	5
4352	9
4353	8
4354	5
4355	12
4356	7
4357	7
4358	5
4359	6
4360	11
4361	6
4362	5
4363	5
4364	10
4365	10
4366	5
4367	6
4368	2
4369	9
4370	10
4371	7
4372	10
4373	7
4374	6
4375	5
4376	2
4377	6
4378	3
4379	4
4380	4
4381	9
4382	12
4383	4
4384	7
4385	2
4386	8
4387	3
4388	9
4389	7
4390	8
4391	13
4392	8
4393	14
4394	8
4395	11
4396	5
4397	6
4398	7
4399	9
4400	1
4401	11
4402	6
4403	5
4404	5
4405	10
4406	2
4407	5
4408	9
4409	15
4410	9
4411	8
4412	7
4413	6
4414	9
4415	4
4416	7
4417	9
4418	3
4419	9
4420	7
4421	8
4422	8
4423	9
4424	4
4425	7
4426	8
4427	11
4428	5
4429	10
4430	6
4431	13
4432	8
4433	11
4434	8
4435	11
4436	9
4437	4
4438	6
4439	8
4440	8
4441	6
4442	8
4443	5
4444	7
4445	12
4446	3
4447	8
4448	6
4449	5
4450	5
4451	9
4452	10
4453	9
4454	6
4455	9
4456	7
4457	16
4458	9
4459	10
4460	9
4461	7
4462	3
4463	4
4464	12
4465	5
4466	10
4467	10
4468	6
4469	8
4470	5
4471	6
4472	9
4473	7
4474	6
4475	10
4476	11
4477	8
4478	5
4479	5
4480	10
4481	7
4482	6
4483	5
4484	7
4485	9
4486	14
4487	8
4488	6
4489	10
4490	5
4491	11
4492	9
4493	5
4494	6
4495	9
4496	10
4497	10
4498	4
4499	10
4500	11
4501	13
4502	4
4503	12
4504	8
4505	9
4506	6
4507	6
4508	13
4509	7
4510	5
4511	4
4512	4
4513	4
4514	8
4515	13
4516	7
4517	8
4518	8
4519	4
4520	15
4521	9
4522	13
4523	8
4524	8
4525	13
4526	8
4527	12
4528	4
4529	4
4530	7
4531	7
4532	10
4533	5
4534	9
4535	10
4536	10
4537	6
4538	10
4539	6
4540	7
4541	13
4542	16
4543	10
4544	6
4545	10
4546	19
4547	5
4548	7
4549	14
4550	10
4551	8
4552	12
4553	5
4554	10
4555	6
4556	9
4557	12
4558	11
4559	11
4560	6
4561	6
4562	13
4563	9
4564	10
4565	14
4566	11
4567	10
4568	6
4569	9
4570	8
4571	10
4572	14
4573	14
4574	5
4575	13
4576	4
4577	9
4578	10
4579	7
4580	6
4581	8
4582	8
4583	13
4584	7
4585	13
4586	19
4587	9
4588	8
4589	8
4590	8
4591	7
4592	8
4593	11
4594	11
4595	3
4596	9
4597	7
4598	12
4599	9
4600	8
4601	8
4602	12
4603	10
4604	15
4605	9
4606	10
4607	8
4608	8
4609	4
4610	8
4611	15
4612	8
4613	3
4614	8
4615	8
4616	7
4617	10
4618	11
4619	7
4620	11
4621	8
4622	15
4623	9
4624	11
4625	12
4626	11
4627	11
4628	7
4629	8
4630	8
4631	8
4632	11
4633	7
4634	8
4635	8
4636	10
4637	11
4638	11
4639	12
4640	5
4641	11
4642	10
4643	5
4644	8
4645	8
4646	11
4647	15
4648	15
4649	10
4650	10
4651	14
4652	15
4653	14
4654	7
4655	9
4656	8
4657	17
4658	4
4659	16
4660	7
4661	8
4662	8
4663	10
4664	17
4665	8
4666	11
4667	11
4668	10
4669	14
4670	8
4671	3
4672	9
4673	13
4674	14
4675	10
4676	4
4677	11
4678	16
4679	12
4680	9
4681	5
4682	21
4683	9
4684	15
4685	5
4686	7
4687	13
4688	17
4689	14
4690	10
4691	13
4692	5
4693	8
4694	11
4695	11
4696	10
4697	7
4698	11
4699	11
4700	10
4701	10
4702	9
4703	11
4704	11
4705	16
4706	9
4707	10
4708	9
4709	9
4710	17
4711	10
4712	7
4713	13
4714	11
4715	14
4716	13
4717	9
4718	7
4719	12
4720	12
4721	16
4722	14
4723	9
4724	13
4725	17
4726	8
4727	13
4728	14
4729	15
4730	11
4731	10
4732	14
4733	11
4734	8
4735	9
4736	11
4737	12
4738	8
4739	12
4740	13
4741	16
4742	13
4743	8
4744	12
4745	11
4746	10
4747	13
4748	13
4749	12
4750	9
4751	9
4752	13
4753	9
4754	8
4755	12
4756	12
4757	18
4758	10
4759	11
4760	11
4761	12
4762	8
4763	13
4764	14
4765	17
4766	8
4767	12
4768	11
4769	11
4770	5
4771	16
4772	13
4773	15
4774	10
4775	10
4776	9
4777	16
4778	14
4779	12
4780	10
4781	12
4782	11
4783	7
4784	11
4785	10
4786	10
4787	13
4788	6
4789	14
4790	9
4791	9
4792	11
4793	12
4794	13
4795	17
4796	14
4797	14
4798	16
4799	12
4800	23
4801	13
4802	9
4803	12
4804	14
4805	13
4806	13
4807	6
4808	12
4809	13
4810	9
4811	8
4812	13
4813	11
4814	16
4815	11
4816	11
4817	8
4818	16
4819	11
4820	10
4821	6
4822	20
4823	12
4824	10
4825	13
4826	14
4827	16
4828	9
4829	13
4830	12
4831	10
4832	9
4833	5
4834	10
4835	8
4836	13
4837	13
4838	15
4839	14
4840	12
4841	15
4842	9
4843	12
4844	19
4845	17
4846	10
4847	12
4848	11
4849	11
4850	8
4851	11
4852	13
4853	10
4854	7
4855	7
4856	12
4857	14
4858	6
4859	14
4860	17
4861	13
4862	18
4863	12
4864	14
4865	12
4866	11
4867	12
4868	17
4869	11
4870	15
4871	8
4872	14
4873	9
4874	16
4875	6
4876	15
4877	15
4878	11
4879	11
4880	7
4881	11
4882	16
4883	8
4884	10
4885	16
4886	9
4887	10
4888	14
4889	13
4890	11
4891	10
4892	16
4893	6
4894	8
4895	12
4896	13
4897	11
4898	7
4899	16
4900	13
4901	10
4902	10
4903	21
4904	13
4905	12
4906	14
4907	7
4908	15
4909	11
4910	18
4911	11
4912	7
4913	18
4914	8
4915	15
4916	17
4917	14
4918	8
4919	14
4920	10
4921	11
4922	10
4923	9
4924	14
4925	15
4926	10
4927	12
4928	14
4929	11
4930	12
4931	9
4932	18
4933	12
4934	19
4935	11
4936	15
4937	13
4938	9
4939	25
4940	16
4941	9
4942	12
4943	15
4944	12
4945	11
4946	14
4947	17
4948	10
4949	17
4950	13
4951	17
4952	20
4953	11
4954	9
4955	13
4956	13
4957	11
4958	8
4959	18
4960	9
4961	11
4962	8
4963	12
4964	16
4965	18
4966	12
4967	10
4968	13
4969	22
4970	19
4971	7
4972	12
4973	20
4974	16
4975	15
4976	9
4977	15
4978	21
4979	17
4980	11
4981	13
4982	11
4983	17
4984	12
4985	12
4986	17
4987	15
4988	10
4989	14
4990	7
4991	11
4992	16
4993	16
4994	15
4995	11
4996	20
4997	11
4998	9
4999	17
5000	17
5001	17
5002	9
5003	20
5004	17
5005	19
5006	11
5007	16
5008	9
5009	12
5010	15
5011	15
5012	20
5013	21
5014	13
5015	13
5016	14
5017	11
5018	12
5019	16
5020	8
5021	18
5022	13
5023	16
5024	16
5025	15
5026	10
5027	15
5028	19
5029	18
5030	12
5031	14
5032	18
5033	12
5034	13
5035	6
5036	12
5037	16
5038	20
5039	13
5040	11
5041	12
5042	19
5043	13
5044	11
5045	14
5046	11
5047	19
5048	10
5049	15
5050	11
5051	9
5052	19
5053	9
5054	17
5055	19
5056	12
5057	16
5058	19
5059	13
5060	15
5061	13
5062	21
5063	23
5064	10
5065	13
5066	7
5067	12
5068	9
5069	16
5070	23
5071	15
5072	6
5073	12
5074	13
5075	12
5076	10
5077	24
5078	10
5079	18
5080	15
5081	15
5082	15
5083	8
5084	12
5085	11
5086	17
5087	17
5088	15
5089	13
5090	13
5091	11
5092	20
5093	16
5094	14
5095	20
5096	14
5097	13
5098	13
5099	14
5100	11
5101	18
5102	15
5103	11
5104	11
5105	15
5106	14
5107	17
5108	14
5109	20
5110	20
5111	17
5112	19
5113	10
5114	15
5115	16
5116	22
5117	14
5118	18
5119	18
5120	10
5121	16
5122	14
5123	16
5124	12
5125	21
5126	15
5127	14
5128	14
5129	12
5130	19
5131	17
5132	13
5133	17
5134	16
5135	12
5136	11
5137	9
5138	10
5139	15
5140	13
5141	12
5142	15
5143	14
5144	18
5145	18
5146	10
5147	17
5148	18
5149	12
5150	13
5151	10
5152	12
5153	18
5154	8
5155	11
5156	8
5157	18
5158	21
5159	24
5160	11
5161	13
5162	13
5163	16
5164	12
5165	16
5166	11
5167	13
5168	17
5169	14
5170	17
5171	14
5172	16
5173	24
5174	10
5175	14
5176	15
5177	20
5178	11
5179	12
5180	14
5181	15
5182	14
5183	20
5184	16
5185	20
5186	16
5187	19
5188	15
5189	18
5190	23
5191	21
5192	21
5193	20
5194	13
5195	19
5196	9
5197	11
5198	18
5199	14
5200	17
5201	23
5202	13
5203	14
5204	11
5205	16
5206	14
5207	18
5208	9
5209	15
5210	12
5211	12
5212	15
5213	17
5214	13
5215	12
5216	15
5217	18
5218	14
5219	19
5220	12
5221	21
5222	13
5223	17
5224	18
5225	8
5226	7
5227	12
5228	15
5229	17
5230	13
5231	14
5232	8
5233	15
5234	12
5235	21
5236	10
5237	18
5238	12
5239	8
5240	18
5241	19
5242	18
5243	10
5244	12
5245	16
5246	16
5247	10
5248	19
5249	18
5250	18
5251	8
5252	19
5253	16
5254	18
5255	14
5256	13
5257	11
5258	12
5259	22
5260	8
5261	13
5262	11
5263	12
5264	16
5265	19
5266	19
5267	19
5268	22
5269	15
5270	13
5271	17
5272	11
5273	15
5274	17
5275	4
5276	13
5277	13
5278	15
5279	11
5280	19
5281	23
5282	18
5283	12
5284	13
5285	17
5286	15
5287	26
5288	17
5289	17
5290	14
5291	17
5292	13
5293	13
5294	17
5295	19
5296	24
5297	20
5298	16
5299	18
5300	21
5301	16
5302	26
5303	16
5304	15
5305	11
5306	18
5307	19
5308	19
5309	17
5310	18
5311	17
5312	18
5313	18
5314	16
5315	22
5316	16
5317	15
5318	8
5319	13
5320	19
5321	22
5322	13
5323	19
5324	14
5325	18
5326	20
5327	22
5328	11
5329	26
5330	17
5331	19
5332	13
5333	15
5334	19
5335	15
5336	20
5337	22
5338	27
5339	22
5340	15
5341	20
5342	18
5343	18
5344	22
5345	23
5346	12
5347	11
5348	21
5349	19
5350	5
5351	18
5352	12
5353	15
5354	17
5355	13
5356	14
5357	18
5358	12
5359	21
5360	13
5361	19
5362	13
5363	15
5364	17
5365	23
5366	10
5367	9
5368	11
5369	16
5370	20
5371	14
5372	21
5373	15
5374	12
5375	17
5376	18
5377	18
5378	19
5379	22
5380	16
5381	13
5382	14
5383	11
5384	16
5385	9
5386	23
5387	21
5388	14
5389	23
5390	15
5391	19
5392	16
5393	21
5394	15
5395	14
5396	13
5397	13
5398	27
5399	21
5400	18
5401	15
5402	15
5403	19
5404	20
5405	14
5406	21
5407	15
5408	12
5409	18
5410	19
5411	15
5412	24
5413	18
5414	26
5415	19
5416	17
5417	16
5418	18
5419	23
5420	16
5421	18
5422	21
5423	15
5424	12
5425	25
5426	14
5427	17
5428	20
5429	21
5430	13
5431	14
5432	14
5433	11
5434	18
5435	22
5436	20
5437	14
5438	20
5439	13
5440	15
5441	19
5442	21
5443	16
5444	16
5445	11
5446	19
5447	26
5448	20
5449	19
5450	17
5451	21
5452	23
5453	19
5454	29
5455	13
5456	12
5457	12
5458	13
5459	17
5460	22
5461	19
5462	20
5463	18
5464	13
5465	14
5466	23
5467	23
5468	13
5469	18
5470	12
5471	21
5472	8
5473	18
5474	10
5475	27
5476	14
5477	19
5478	9
5479	21
5480	19
5481	11
5482	15
5483	19
5484	17
5485	19
5486	18
5487	16
5488	23
5489	18
5490	20
5491	18
5492	18
5493	18
5494	18
5495	19
5496	17
5497	11
5498	15
5499	20
5500	24
5501	14
5502	16
5503	19
5504	21
5505	20
5506	17
5507	19
5508	16
5509	17
5510	13
5511	17
5512	18
5513	18
5514	17
5515	16
5516	19
5517	15
5518	13
5519	15
5520	20
5521	20
5522	28
5523	17
5524	15
5525	16
5526	13
5527	15
5528	23
5529	18
5530	29
5531	21
5532	17
5533	17
5534	16
5535	14
5536	11
5537	14
5538	14
5539	14
5540	19
5541	10
5542	18
5543	29
5544	14
5545	18
5546	14
5547	14
5548	16
5549	15
5550	23
5551	15
5552	14
5553	16
5554	17
5555	15
5556	20
5557	18
5558	11
5559	27
5560	23
5561	26
5562	18
5563	24
5564	15
5565	9
5566	17
5567	26
5568	8
5569	25
5570	26
5571	18
5572	24
5573	16
5574	19
5575	14
5576	16
5577	16
5578	16
5579	13
5580	12
5581	18
5582	21
5583	16
5584	18
5585	18
5586	11
5587	19
5588	27
5589	27
5590	24
5591	13
5592	13
5593	21
5594	20
5595	16
5596	18
5597	17
5598	18
5599	20
5600	16
5601	23
5602	8
5603	25
5604	17
5605	13
5606	14
5607	21
5608	21
5609	24
5610	19
5611	8
5612	16
5613	19
5614	15
5615	19
5616	18
5617	20
5618	19
5619	15
5620	23
5621	18
5622	22
5623	21
5624	19
5625	20
5626	16
5627	20
5628	19
5629	19
5630	18
5631	31
5632	20
5633	10
5634	17
5635	22
5636	22
5637	18
5638	16
5639	27
5640	15
5641	21
5642	8
5643	18
5644	19
5645	18
5646	26
5647	22
5648	19
5649	15
5650	22
5651	20
5652	21
5653	20
5654	14
5655	16
5656	18
5657	18
5658	19
5659	24
5660	16
5661	17
5662	21
5663	24
5664	18
5665	15
5666	16
5667	12
5668	18
5669	14
5670	23
5671	20
5672	17
5673	15
5674	17
5675	12
5676	19
5677	21
5678	12
5679	21
5680	23
5681	14
5682	17
5683	17
5684	19
5685	24
5686	15
5687	16
5688	18
5689	18
5690	18
5691	16
5692	11
5693	24
5694	15
5695	19
5696	18
5697	15
5698	17
5699	18
5700	8
5701	21
5702	19
5703	16
5704	13
5705	22
5706	18
5707	16
5708	15
5709	20
5710	16
5711	19
5712	20
5713	10
5714	21
5715	16
5716	14
5717	10
5718	19
5719	20
5720	13
5721	20
5722	22
5723	19
5724	21
5725	20
5726	18
5727	30
5728	15
5729	22
5730	14
5731	19
5732	18
5733	14
5734	11
5735	18
5736	17
5737	19
5738	20
5739	19
5740	23
5741	16
5742	18
5743	19
5744	13
5745	10
5746	14
5747	20
5748	11
5749	16
5750	20
5751	17
5752	17
5753	25
5754	25
5755	17
5756	17
5757	19
5758	13
5759	15
5760	13
5761	13
5762	14
5763	22
5764	26
5765	18
5766	30
5767	22
5768	18
5769	15
5770	15
5771	21
5772	25
5773	16
5774	22
5775	18
5776	21
5777	23
5778	21
5779	17
5780	14
5781	15
5782	23
5783	17
5784	19
5785	24
5786	18
5787	17
5788	23
5789	15
5790	19
5791	14
5792	25
5793	17
5794	16
5795	17
5796	17
5797	20
5798	19
5799	19
5800	18
5801	20
5802	14
5803	25
5804	9
5805	14
5806	11
5807	18
5808	9
5809	17
5810	23
5811	21
5812	22
5813	17
5814	18
5815	21
5816	25
5817	21
5818	20
5819	20
5820	13
5821	17
5822	13
5823	18
5824	13
5825	17
5826	20
5827	24
5828	10
5829	25
5830	32
5831	24
5832	17
5833	18
5834	18
5835	11
5836	17
5837	18
5838	18
5839	16
5840	18
5841	24
5842	20
5843	16
5844	17
5845	17
5846	22
5847	21
5848	20
5849	27
5850	17
5851	14
5852	22
5853	15
5854	16
5855	10
5856	15
5857	19
5858	16
5859	18
5860	25
5861	24
5862	13
5863	20
5864	30
5865	12
5866	20
5867	17
5868	12
5869	11
5870	19
5871	23
5872	21
5873	13
5874	21
5875	19
5876	17
5877	11
5878	14
5879	18
5880	22
5881	19
5882	14
5883	17
5884	21
5885	18
5886	23
5887	19
5888	19
5889	24
5890	14
5891	20
5892	15
5893	24
5894	12
5895	21
5896	27
5897	23
5898	15
5899	23
5900	16
5901	19
5902	15
5903	16
5904	15
5905	18
5906	14
5907	21
5908	25
5909	19
5910	21
5911	24
5912	17
5913	30
5914	22
5915	13
5916	15
5917	16
5918	17
5919	15
5920	16
5921	17
5922	24
5923	25
5924	22
5925	11
5926	23
5927	21
5928	22
5929	10
5930	19
5931	16
5932	22
5933	19
5934	21
5935	16
5936	15
5937	22
5938	16
5939	12
5940	19
5941	22
5942	23
5943	14
5944	14
5945	19
5946	16
5947	19
5948	17
5949	19
5950	18
5951	13
5952	17
5953	23
5954	17
5955	21
5956	18
5957	17
5958	17
5959	17
5960	25
5961	21
5962	16
5963	10
5964	16
5965	21
5966	11
5967	18
5968	24
5969	15
5970	20
5971	11
5972	21
5973	16
5974	22
5975	18
5976	18
5977	18
5978	12
5979	22
5980	20
5981	22
5982	17
5983	21
5984	19
5985	16
5986	16
5987	19
5988	14
5989	14
5990	15
5991	20
5992	17
5993	16
5994	22
5995	17
5996	20
5997	16
5998	25
5999	16
6000	22
6001	21
6002	25
6003	19
6004	25
6005	22
6006	18
6007	26
6008	16
6009	16
6010	17
6011	20
6012	23
6013	22
6014	18
6015	23
6016	18
6017	18
6018	18
6019	29
6020	20
6021	19
6022	19
6023	20
6024	18
6025	16
6026	20
6027	21
6028	15
6029	18
6030	19
6031	14
6032	16
6033	17
6034	19
6035	18
6036	15
6037	18
6038	12
6039	18
6040	24
6041	16
6042	24
6043	19
6044	20
6045	22
6046	19
6047	23
6048	9
6049	17
6050	20
6051	22
6052	28
6053	24
6054	28
6055	21
6056	13
6057	18
6058	18
6059	19
6060	21
6061	13
6062	17
6063	23
6064	19
6065	20
6066	16
6067	25
6068	17
6069	18
6070	18
6071	19
6072	11
6073	12
6074	18
6075	20
6076	17
6077	13
6078	22
6079	28
6080	13
6081	20
6082	18
6083	20
6084	17
6085	23
6086	23
6087	21
6088	22
6089	20
6090	17
6091	32
6092	23
6093	19
6094	13
6095	17
6096	13
6097	16
6098	20
6099	14
6100	17
6101	16
6102	20
6103	15
6104	25
6105	27
6106	24
6107	16
6108	21
6109	18
6110	18
6111	16
6112	18
6113	17
6114	10
6115	21
6116	20
6117	13
6118	16
6119	21
6120	12
6121	20
6122	21
6123	21
6124	19
6125	28
6126	16
6127	16
6128	25
6129	10
6130	14
6131	20
6132	22
6133	19
6134	13
6135	24
6136	15
6137	13
6138	12
6139	23
6140	15
6141	16
6142	22
6143	22
6144	15
6145	12
6146	14
6147	22
6148	12
6149	16
6150	14
6151	13
6152	16
6153	17
6154	15
6155	25
6156	27
6157	24
6158	19
6159	18
6160	18
6161	14
6162	14
6163	21
6164	20
6165	21
6166	23
6167	22
6168	19
6169	19
6170	17
6171	18
6172	16
6173	19
6174	18
6175	17
6176	15
6177	28
6178	17
6179	19
6180	23
6181	16
6182	21
6183	18
6184	18
6185	10
6186	19
6187	18
6188	19
6189	19
6190	16
6191	25
6192	12
6193	15
6194	16
6195	22
6196	17
6197	14
6198	18
6199	22
6200	21
6201	22
6202	18
6203	28
6204	21
6205	20
6206	32
6207	20
6208	12
6209	22
6210	16
6211	19
6212	21
6213	20
6214	23
6215	10
6216	21
6217	18
6218	17
6219	14
6220	9
6221	25
6222	16
6223	17
6224	15
6225	16
6226	22
6227	12
6228	27
6229	19
6230	17
6231	18
6232	19
6233	17
6234	24
6235	23
6236	22
6237	13
6238	18
6239	16
6240	20
6241	32
6242	25
6243	22
6244	16
6245	12
6246	24
6247	28
6248	21
6249	24
6250	16
6251	18
6252	20
6253	21
6254	12
6255	15
6256	25
6257	16
6258	21
6259	20
6260	22
6261	20
6262	19
6263	23
6264	13
6265	19
6266	19
6267	23
6268	18
6269	21
6270	19
6271	23
6272	21
6273	23
6274	21
6275	17
6276	16
6277	23
6278	21
6279	24
6280	13
6281	21
6282	23
6283	23
6284	24
6285	9
6286	12
6287	18
6288	21
6289	25
6290	22
6291	21
6292	19
6293	17
6294	21
6295	20
6296	16
6297	17
6298	22
6299	27
6300	20
6301	27
6302	19
6303	18
6304	18
6305	23
6306	16
6307	15
6308	20
6309	22
6310	19
6311	28
6312	21
6313	25
6314	22
6315	19
6316	28
6317	25
6318	23
6319	12
6320	12
6321	17
6322	22
6323	23
6324	13
6325	21
6326	12
6327	26
6328	24
6329	28
6330	21
6331	31
6332	17
6333	19
6334	17
6335	23
6336	13
6337	28
6338	28
6339	21
6340	24
6341	24
6342	13
6343	22
6344	27
6345	11
6346	22
6347	22
6348	12
6349	14
6350	14
6351	29
6352	15
6353	19
6354	16
6355	28
6356	23
6357	27
6358	18
6359	21
6360	21
6361	28
6362	19
6363	12
6364	25
6365	19
6366	21
6367	20
6368	22
6369	21
6370	20
6371	20
6372	20
6373	17
6374	19
6375	18
6376	17
6377	21
6378	15
6379	29
6380	21
6381	18
6382	18
6383	17
6384	18
6385	16
6386	25
6387	16
6388	13
6389	22
6390	20
6391	19
6392	27
6393	17
6394	19
6395	14
6396	15
6397	20
6398	22
6399	13
6400	23
6401	29
6402	16
6403	14
6404	25
6405	21
6406	23
6407	21
6408	17
6409	19
6410	19
6411	18
6412	25
6413	24
6414	13
6415	20
6416	15
6417	19
6418	19
6419	25
6420	20
6421	14
6422	17
6423	22
6424	18
6425	23
6426	21
6427	21
6428	11
6429	16
6430	17
6431	25
6432	26
6433	19
6434	17
6435	18
6436	19
6437	29
6438	21
6439	14
6440	22
6441	17
6442	24
6443	18
6444	19
6445	15
6446	17
6447	18
6448	22
6449	20
6450	16
6451	13
6452	19
6453	13
6454	16
6455	17
6456	13
6457	18
6458	20
6459	25
6460	20
6461	28
6462	14
6463	13
6464	26
6465	22
6466	22
6467	28
6468	22
6469	17
6470	18
6471	22
6472	12
6473	23
6474	18
6475	27
6476	17
6477	15
6478	22
6479	20
6480	24
6481	19
6482	18
6483	21
6484	19
6485	19
6486	19
6487	18
6488	11
6489	18
6490	18
6491	16
6492	18
6493	19
6494	17
6495	12
6496	16
6497	24
6498	20
6499	26
6500	16
6501	22
6502	14
6503	24
6504	20
6505	22
6506	24
6507	19
6508	17
6509	17
6510	20
6511	9
6512	18
6513	21
6514	21
6515	18
6516	14
6517	24
6518	14
6519	22
6520	21
6521	17
6522	19
6523	23
6524	23
6525	27
6526	17
6527	16
6528	15
6529	16
6530	23
6531	11
6532	21
6533	17
6534	13
6535	25
6536	14
6537	17
6538	27
6539	16
6540	14
6541	19
6542	24
6543	20
6544	17
6545	20
6546	21
6547	17
6548	12
6549	20
6550	19
6551	18
6552	16
6553	19
6554	17
6555	15
6556	26
6557	31
6558	28
6559	20
6560	14
6561	20
6562	16
6563	16
6564	19
6565	21
6566	20
6567	24
6568	22
6569	25
6570	18
6571	16
6572	17
6573	16
6574	23
6575	19
6576	17
6577	14
6578	16
6579	17
6580	24
6581	19
6582	21
6583	12
6584	19
6585	15
6586	15
6587	12
6588	12
6589	13
6590	20
6591	12
6592	17
6593	12
6594	21
6595	17
6596	25
6597	15
6598	24
6599	22
6600	16
6601	16
6602	22
6603	14
6604	20
6605	16
6606	22
6607	21
6608	26
6609	18
6610	17
6611	17
6612	12
6613	21
6614	16
6615	25
6616	26
6617	17
6618	23
6619	18
6620	19
6621	20
6622	15
6623	21
6624	21
6625	17
6626	24
6627	22
6628	21
6629	16
6630	18
6631	27
6632	19
6633	25
6634	14
6635	13
6636	25
6637	22
6638	15
6639	21
6640	17
6641	16
6642	17
6643	14
6644	14
6645	13
6646	21
6647	20
6648	9
6649	18
6650	14
6651	17
6652	22
6653	19
6654	13
6655	14
6656	20
6657	10
6658	28
6659	17
6660	19
6661	17
6662	16
6663	25
6664	20
6665	14
6666	15
6667	23
6668	19
6669	18
6670	14
6671	23
6672	22
6673	22
6674	21
6675	19
6676	21
6677	18
6678	17
6679	21
6680	14
6681	18
6682	27
6683	21
6684	18
6685	27
6686	17
6687	19
6688	15
6689	18
6690	18
6691	26
6692	24
6693	20
6694	18
6695	16
6696	20
6697	16
6698	16
6699	16
6700	17
6701	17
6702	20
6703	18
6704	15
6705	21
6706	12
6707	23
6708	26
6709	25
6710	20
6711	15
6712	19
6713	21
6714	18
6715	23
6716	24
6717	16
6718	18
6719	16
6720	14
6721	22
6722	18
6723	20
6724	23
6725	14
6726	19
6727	21
6728	20
6729	20
6730	19
6731	14
6732	21
6733	16
6734	22
6735	28
6736	16
6737	20
6738	14
6739	18
6740	15
6741	24
6742	15
6743	18
6744	17
6745	13
6746	14
6747	10
6748	13
6749	16
6750	12
6751	27
6752	16
6753	14
6754	16
6755	23
6756	11
6757	20
6758	18
6759	14
6760	24
6761	21
6762	22
6763	17
6764	21
6765	24
6766	20
6767	22
6768	19
6769	24
6770	20
6771	18
6772	19
6773	16
6774	17
6775	17
6776	30
6777	20
6778	19
6779	23
6780	12
6781	13
6782	18
6783	33
6784	16
6785	24
6786	17
6787	18
6788	14
6789	15
6790	13
6791	25
6792	19
6793	18
6794	26
6795	24
6796	25
6797	13
6798	13
6799	12
6800	17
6801	20
6802	23
6803	16
6804	20
6805	11
6806	19
6807	18
6808	22
6809	20
6810	15
6811	12
6812	19
6813	25
6814	23
6815	21
6816	26
6817	14
6818	25
6819	13
6820	18
6821	16
6822	18
6823	26
6824	17
6825	10
6826	15
6827	16
6828	17
6829	27
6830	25
6831	19
6832	17
6833	22
6834	15
6835	21
6836	14
6837	10
6838	15
6839	25
6840	25
6841	20
6842	21
6843	31
6844	20
6845	26
6846	21
6847	15
6848	12
6849	21
6850	19
6851	15
6852	15
6853	17
6854	12
6855	15
6856	13
6857	24
6858	16
6859	25
6860	18
6861	18
6862	22
6863	12
6864	15
6865	24
6866	18
6867	20
6868	13
6869	19
6870	21
6871	20
6872	21
6873	21
6874	19
6875	24
6876	13
6877	17
6878	17
6879	20
6880	17
6881	15
6882	11
6883	18
6884	20
6885	22
6886	11
6887	15
6888	21
6889	14
6890	18
6891	13
6892	19
6893	26
6894	17
6895	20
6896	18
6897	14
6898	13
6899	18
6900	16
6901	19
6902	17
6903	17
6904	20
6905	28
6906	22
6907	16
6908	24
6909	13
6910	23
6911	25
6912	18
6913	17
6914	14
6915	24
6916	18
6917	18
6918	14
6919	14
6920	21
6921	24
6922	26
6923	19
6924	13
6925	18
6926	9
6927	14
6928	24
6929	19
6930	20
6931	16
6932	21
6933	27
6934	14
6935	15
6936	9
6937	19
6938	13
6939	19
6940	15
6941	26
6942	19
6943	23
6944	19
6945	20
6946	15
6947	17
6948	21
6949	16
6950	19
6951	17
6952	21
6953	19
6954	16
6955	23
6956	19
6957	11
6958	23
6959	19
6960	12
6961	14
6962	23
6963	17
6964	20
6965	16
6966	28
6967	19
6968	21
6969	22
6970	19
6971	11
6972	17
6973	14
6974	14
6975	24
6976	25
6977	17
6978	20
6979	17
6980	32
6981	19
6982	9
6983	14
6984	14
6985	13
6986	16
6987	21
6988	15
6989	16
6990	16
6991	19
6992	20
6993	22
6994	19
6995	19
6996	15
6997	20
6998	14
6999	19
7000	20
7001	20
7002	20
7003	22
7004	19
7005	14
7006	18
7007	18
7008	22
7009	15
7010	25
7011	20
7012	14
7013	21
7014	17
7015	20
7016	13
7017	19
7018	12
7019	17
7020	14
7021	13
7022	17
7023	17
7024	17
7025	17
7026	17
7027	20
7028	15
7029	14
7030	20
7031	18
7032	20
7033	24
7034	21
7035	18
7036	14
7037	16
7038	22
7039	19
7040	13
7041	18
7042	13
7043	19
7044	15
7045	24
7046	17
7047	17
7048	19
7049	16
7050	16
7051	22
7052	16
7053	17
7054	21
7055	14
7056	21
7057	11
7058	22
7059	22
7060	21
7061	15
7062	25
7063	20
7064	22
7065	15
7066	15
7067	17
7068	23
7069	16
7070	23
7071	14
7072	17
7073	18
7074	19
7075	22
7076	17
7077	13
7078	19
7079	24
7080	19
7081	21
7082	12
7083	26
7084	15
7085	18
7086	23
7087	11
7088	23
7089	21
7090	19
7091	28
7092	18
7093	13
7094	12
7095	16
7096	19
7097	27
7098	18
7099	15
7100	18
7101	9
7102	9
7103	16
7104	14
7105	19
7106	19
7107	18
7108	17
7109	20
7110	20
7111	19
7112	19
7113	13
7114	17
7115	20
7116	14
7117	15
7118	23
7119	24
7120	12
7121	21
7122	8
7123	12
7124	12
7125	14
7126	22
7127	14
7128	20
7129	11
7130	15
7131	12
7132	14
7133	16
7134	10
7135	15
7136	23
7137	21
7138	18
7139	16
7140	13
7141	20
7142	17
7143	11
7144	11
7145	19
7146	12
7147	26
7148	17
7149	9
7150	27
7151	23
7152	16
7153	13
7154	16
7155	23
7156	23
7157	20
7158	13
7159	16
7160	10
7161	19
7162	21
7163	21
7164	16
7165	5
7166	22
7167	11
7168	14
7169	19
7170	26
7171	21
7172	17
7173	17
7174	19
7175	18
7176	12
7177	18
7178	12
7179	23
7180	17
7181	20
7182	5
7183	24
7184	12
7185	20
7186	13
7187	18
7188	11
7189	19
7190	15
7191	20
7192	9
7193	15
7194	16
7195	23
7196	19
7197	20
7198	15
7199	19
7200	19
7201	19
7202	18
7203	18
7204	20
7205	15
7206	16
7207	13
7208	13
7209	19
7210	15
7211	21
7212	17
7213	18
7214	17
7215	15
7216	29
7217	13
7218	20
7219	18
7220	18
7221	20
7222	20
7223	22
7224	16
7225	20
7226	19
7227	12
7228	18
7229	13
7230	13
7231	19
7232	19
7233	17
7234	22
7235	11
7236	24
7237	26
7238	21
7239	17
7240	16
7241	24
7242	10
7243	27
7244	18
7245	15
7246	15
7247	12
7248	18
7249	26
7250	20
7251	18
7252	17
7253	18
7254	16
7255	16
7256	16
7257	17
7258	23
7259	16
7260	12
7261	20
7262	13
7263	14
7264	19
7265	17
7266	11
7267	18
7268	11
7269	13
7270	22
7271	22
7272	17
7273	25
7274	13
7275	12
7276	9
7277	15
7278	18
7279	27
7280	12
7281	21
7282	13
7283	15
7284	10
7285	20
7286	25
7287	12
7288	17
7289	13
7290	23
7291	20
7292	18
7293	23
7294	22
7295	11
7296	19
7297	14
7298	24
7299	14
7300	12
7301	19
7302	9
7303	20
7304	14
7305	20
7306	14
7307	17
7308	20
7309	12
7310	14
7311	14
7312	15
7313	25
7314	11
7315	17
7316	12
7317	14
7318	20
7319	16
7320	8
7321	17
7322	20
7323	16
7324	14
7325	18
7326	14
7327	8
7328	16
7329	19
7330	20
7331	13
7332	22
7333	11
7334	17
7335	19
7336	16
7337	23
7338	24
7339	11
7340	10
7341	27
7342	19
7343	14
7344	9
7345	24
7346	19
7347	23
7348	14
7349	13
7350	17
7351	17
7352	25
7353	14
7354	12
7355	6
7356	18
7357	25
7358	22
7359	17
7360	19
7361	26
7362	20
7363	20
7364	12
7365	17
7366	19
7367	25
7368	15
7369	21
7370	18
7371	17
7372	18
7373	19
7374	22
7375	19
7376	14
7377	23
7378	13
7379	17
7380	16
7381	19
7382	18
7383	17
7384	20
7385	18
7386	19
7387	17
7388	11
7389	19
7390	17
7391	23
7392	11
7393	17
7394	17
7395	17
7396	17
7397	16
7398	14
7399	15
7400	20
7401	17
7402	12
7403	16
7404	21
7405	21
7406	20
7407	16
7408	20
7409	7
7410	11
7411	18
7412	17
7413	13
7414	10
7415	25
7416	21
7417	18
7418	15
7419	12
7420	21
7421	23
7422	17
7423	16
7424	15
7425	13
7426	14
7427	23
7428	17
7429	25
7430	12
7431	15
7432	20
7433	20
7434	11
7435	16
7436	22
7437	18
7438	15
7439	12
7440	17
7441	10
7442	9
7443	12
7444	23
7445	16
7446	15
7447	17
7448	23
7449	16
7450	18
7451	12
7452	18
7453	17
7454	20
7455	18
7456	18
7457	17
7458	24
7459	13
7460	19
7461	12
7462	19
7463	11
7464	18
7465	19
7466	16
7467	19
7468	15
7469	10
7470	16
7471	11
7472	17
7473	19
7474	24
7475	16
7476	16
7477	29
7478	17
7479	13
7480	16
7481	13
7482	12
7483	17
7484	12
7485	16
7486	19
7487	18
7488	14
7489	14
7490	15
7491	14
7492	11
7493	12
7494	15
7495	15
7496	16
7497	21
7498	18
7499	19
7500	13
7501	21
7502	18
7503	22
7504	16
7505	15
7506	15
7507	14
7508	22
7509	10
7510	17
7511	15
7512	13
7513	8
7514	16
7515	25
7516	14
7517	20
7518	16
7519	11
7520	18
7521	17
7522	11
7523	12
7524	19
7525	15
7526	9
7527	22
7528	12
7529	17
7530	23
7531	21
7532	11
7533	19
7534	13
7535	18
7536	19
7537	17
7538	20
7539	18
7540	18
7541	15
7542	17
7543	15
7544	20
7545	11
7546	21
7547	13
7548	16
7549	20
7550	22
7551	18
7552	21
7553	17
7554	16
7555	15
7556	12
7557	18
7558	14
7559	19
7560	16
7561	22
7562	17
7563	15
7564	15
7565	24
7566	15
7567	27
7568	15
7569	17
7570	12
7571	14
7572	8
7573	23
7574	8
7575	9
7576	20
7577	12
7578	14
7579	12
7580	10
7581	15
7582	19
7583	18
7584	13
7585	16
7586	16
7587	16
7588	13
7589	19
7590	14
7591	16
7592	12
7593	18
7594	17
7595	18
7596	9
7597	12
7598	7
7599	22
7600	16
7601	11
7602	13
7603	16
7604	17
7605	15
7606	17
7607	22
7608	6
7609	14
7610	21
7611	17
7612	16
7613	17
7614	10
7615	14
7616	11
7617	16
7618	9
7619	18
7620	18
7621	17
7622	11
7623	22
7624	17
7625	10
7626	23
7627	15
7628	14
7629	14
7630	16
7631	14
7632	15
7633	21
7634	17
7635	18
7636	21
7637	23
7638	20
7639	14
7640	14
7641	18
7642	14
7643	10
7644	21
7645	18
7646	11
7647	22
7648	17
7649	14
7650	9
7651	14
7652	12
7653	18
7654	13
7655	13
7656	17
7657	9
7658	18
7659	21
7660	16
7661	12
7662	22
7663	13
7664	25
7665	12
7666	13
7667	14
7668	11
7669	12
7670	15
7671	16
7672	24
7673	15
7674	17
7675	22
7676	19
7677	17
7678	13
7679	15
7680	17
7681	15
7682	18
7683	10
7684	12
7685	17
7686	9
7687	12
7688	16
7689	18
7690	15
7691	15
7692	14
7693	22
7694	16
7695	18
7696	15
7697	11
7698	16
7699	15
7700	11
7701	11
7702	14
7703	10
7704	20
7705	19
7706	10
7707	15
7708	11
7709	16
7710	21
7711	12
7712	6
7713	19
7714	16
7715	19
7716	16
7717	14
7718	17
7719	15
7720	14
7721	22
7722	10
7723	16
7724	14
7725	17
7726	18
7727	17
7728	12
7729	15
7730	17
7731	18
7732	24
7733	11
7734	14
7735	19
7736	12
7737	15
7738	17
7739	13
7740	14
7741	20
7742	9
7743	20
7744	12
7745	24
7746	23
7747	17
7748	18
7749	15
7750	14
7751	15
7752	14
7753	11
7754	15
7755	20
7756	19
7757	14
7758	11
7759	14
7760	22
7761	21
7762	18
7763	11
7764	13
7765	13
7766	17
7767	20
7768	9
7769	15
7770	10
7771	12
7772	9
7773	14
7774	16
7775	14
7776	17
7777	28
7778	12
7779	14
7780	8
7781	18
7782	12
7783	14
7784	19
7785	17
7786	13
7787	18
7788	23
7789	19
7790	11
7791	16
7792	15
7793	16
7794	11
7795	14
7796	14
7797	21
7798	11
7799	14
7800	14
7801	10
7802	10
7803	14
7804	17
7805	17
7806	18
7807	18
7808	13
7809	21
7810	16
7811	15
7812	19
7813	11
7814	13
7815	14
7816	19
7817	17
7818	18
7819	18
7820	13
7821	19
7822	8
7823	23
7824	11
7825	12
7826	23
7827	8
7828	15
7829	13
7830	14
7831	16
7832	20
7833	15
7834	19
7835	18
7836	20
7837	12
7838	11
7839	16
7840	13
7841	13
7842	17
7843	23
7844	13
7845	17
7846	17
7847	14
7848	13
7849	7
7850	10
7851	15
7852	13
7853	16
7854	19
7855	13
7856	15
7857	10
7858	18
7859	15
7860	10
7861	14
7862	14
7863	12
7864	12
7865	11
7866	18
7867	18
7868	17
7869	15
7870	20
7871	15
7872	20
7873	12
7874	19
7875	15
7876	18
7877	15
7878	15
7879	11
7880	18
7881	17
7882	14
7883	14
7884	20
7885	15
7886	16
7887	15
7888	17
7889	14
7890	19
7891	14
7892	18
7893	18
7894	10
7895	18
7896	11
7897	13
7898	10
7899	11
7900	6
7901	17
7902	11
7903	12
7904	10
7905	11
7906	15
7907	12
7908	17
7909	11
7910	19
7911	14
7912	13
7913	15
7914	10
7915	14
7916	8
7917	14
7918	15
7919	20
7920	18
7921	13
7922	15
7923	15
7924	14
7925	15
7926	13
7927	20
7928	19
7929	25
7930	17
7931	12
7932	14
7933	14
7934	15
7935	16
7936	8
7937	23
7938	12
7939	13
7940	13
7941	13
7942	11
7943	18
7944	12
7945	12
7946	9
7947	14
7948	14
7949	19
7950	14
7951	22
7952	9
7953	13
7954	14
7955	14
7956	10
7957	18
7958	12
7959	17
7960	14
7961	9
7962	13
7963	18
7964	13
7965	12
7966	13
7967	12
7968	20
7969	12
7970	18
7971	12
7972	20
7973	16
7974	16
7975	17
7976	14
7977	12
7978	16
7979	16
7980	16
7981	13
7982	16
7983	18
7984	13
7985	15
7986	13
7987	9
7988	13
7989	18
7990	16
7991	13
7992	15
7993	12
7994	19
7995	14
7996	23
7997	19
7998	13
7999	9
8000	14
8001	21
8002	8
8003	16
8004	13
8005	19
8006	15
8007	12
8008	11
8009	14
8010	12
8011	18
8012	13
8013	12
8014	12
8015	22
8016	16
8017	13
8018	12
8019	11
8020	15
8021	17
8022	14
8023	19
8024	13
8025	15
8026	9
8027	14
8028	12
8029	20
8030	16
8031	19
8032	19
8033	16
8034	17
8035	12
8036	13
8037	17
8038	12
8039	15
8040	16
8041	16
8042	11
8043	13
8044	13
8045	12
8046	15
8047	17
8048	12
8049	17
8050	17
8051	14
8052	13
8053	13
8054	9
8055	10
8056	15
8057	17
8058	14
8059	11
8060	16
8061	13
8062	13
8063	12
8064	14
8065	18
8066	15
8067	19
8068	10
8069	14
8070	12
8071	18
8072	17
8073	14
8074	13
8075	9
8076	20
8077	11
8078	9
8079	12
8080	19
8081	17
8082	16
8083	19
8084	17
8085	18
8086	14
8087	15
8088	9
8089	16
8090	11
8091	14
8092	15
8093	13
8094	21
8095	15
8096	17
8097	21
8098	9
8099	21
8100	11
8101	16
8102	13
8103	16
8104	14
8105	19
8106	20
8107	13
8108	10
8109	12
8110	12
8111	16
8112	14
8113	18
8114	16
8115	16
8116	12
8117	9
8118	19
8119	19
8120	7
8121	18
8122	12
8123	18
8124	16
8125	16
8126	11
8127	13
8128	14
8129	14
8130	17
8131	18
8132	14
8133	14
8134	19
8135	11
8136	13
8137	26
8138	20
8139	15
8140	13
8141	15
8142	10
8143	11
8144	8
8145	10
8146	12
8147	12
8148	17
8149	12
8150	13
8151	13
8152	15
8153	9
8154	10
8155	20
8156	16
8157	16
8158	14
8159	10
8160	14
8161	16
8162	18
8163	9
8164	8
8165	9
8166	12
8167	13
8168	14
8169	16
8170	14
8171	11
8172	7
8173	13
8174	14
8175	14
8176	14
8177	11
8178	14
8179	16
8180	15
8181	14
8182	16
8183	19
8184	16
8185	14
8186	19
8187	14
8188	7
8189	13
8190	9
8191	16
8192	17
8193	22
8194	13
8195	7
8196	16
8197	8
8198	12
8199	18
8200	18
8201	11
8202	7
8203	12
8204	10
8205	17
8206	15
8207	10
8208	15
8209	12
8210	12
8211	10
8212	14
8213	11
8214	6
8215	17
8216	16
8217	8
8218	14
8219	15
8220	10
8221	9
8222	16
8223	12
8224	10
8225	10
8226	10
8227	16
8228	16
8229	18
8230	16
8231	18
8232	6
8233	10
8234	11
8235	21
8236	8
8237	12
8238	12
8239	16
8240	17
8241	10
8242	12
8243	17
8244	14
8245	9
8246	15
8247	14
8248	14
8249	13
8250	14
8251	12
8252	16
8253	14
8254	15
8255	16
8256	14
8257	21
8258	11
8259	16
8260	13
8261	14
8262	10
8263	12
8264	10
8265	17
8266	7
8267	10
8268	11
8269	12
8270	16
8271	8
8272	16
8273	12
8274	11
8275	10
8276	11
8277	16
8278	14
8279	18
8280	13
8281	13
8282	10
8283	20
8284	9
8285	17
8286	12
8287	11
8288	11
8289	14
8290	14
8291	11
8292	10
8293	14
8294	12
8295	12
8296	9
8297	13
8298	17
8299	15
8300	14
8301	13
8302	14
8303	9
8304	18
8305	16
8306	13
8307	7
8308	15
8309	11
8310	13
8311	14
8312	10
8313	11
8314	16
8315	13
8316	14
8317	12
8318	10
8319	12
8320	9
8321	9
8322	10
8323	22
8324	8
8325	18
8326	10
8327	13
8328	9
8329	9
8330	13
8331	14
8332	12
8333	18
8334	9
8335	11
8336	13
8337	18
8338	10
8339	12
8340	17
8341	11
8342	13
8343	12
8344	13
8345	11
8346	18
8347	9
8348	14
8349	9
8350	13
8351	12
8352	13
8353	8
8354	14
8355	14
8356	23
8357	14
8358	9
8359	13
8360	10
8361	15
8362	12
8363	21
8364	8
8365	15
8366	15
8367	16
8368	7
8369	11
8370	8
8371	15
8372	14
8373	8
8374	8
8375	13
8376	7
8377	10
8378	13
8379	16
8380	16
8381	12
8382	15
8383	8
8384	12
8385	12
8386	11
8387	16
8388	15
8389	13
8390	21
8391	16
8392	10
8393	10
8394	8
8395	14
8396	14
8397	8
8398	15
8399	8
8400	9
8401	11
8402	16
8403	21
8404	10
8405	17
8406	13
8407	10
8408	7
8409	9
8410	15
8411	13
8412	11
8413	12
8414	17
8415	12
8416	15
8417	15
8418	10
8419	12
8420	12
8421	14
8422	11
8423	16
8424	15
8425	14
8426	15
8427	10
8428	11
8429	10
8430	11
8431	13
8432	9
8433	13
8434	13
8435	14
8436	12
8437	16
8438	7
8439	10
8440	21
8441	13
8442	6
8443	7
8444	8
8445	15
8446	12
8447	10
8448	8
8449	13
8450	11
8451	13
8452	12
8453	16
8454	17
8455	15
8456	14
8457	14
8458	11
8459	14
8460	14
8461	8
8462	9
8463	9
8464	12
8465	17
8466	10
8467	7
8468	11
8469	13
8470	6
8471	13
8472	14
8473	13
8474	11
8475	12
8476	8
8477	15
8478	15
8479	11
8480	12
8481	9
8482	11
8483	7
8484	14
8485	17
8486	7
8487	17
8488	12
8489	13
8490	12
8491	8
8492	16
8493	20
8494	11
8495	12
8496	15
8497	17
8498	12
8499	10
8500	17
8501	17
8502	6
8503	8
8504	10
8505	14
8506	15
8507	11
8508	12
8509	15
8510	13
8511	14
8512	12
8513	15
8514	17
8515	12
8516	13
8517	8
8518	9
8519	18
8520	14
8521	3
8522	11
8523	12
8524	12
8525	12
8526	11
8527	7
8528	13
8529	11
8530	18
8531	17
8532	8
8533	15
8534	12
8535	18
8536	9
8537	12
8538	15
8539	16
8540	19
8541	14
8542	12
8543	12
8544	11
8545	12
8546	8
8547	16
8548	11
8549	13
8550	13
8551	8
8552	11
8553	11
8554	13
8555	8
8556	15
8557	10
8558	12
8559	22
8560	12
8561	24
8562	8
8563	19
8564	11
8565	16
8566	10
8567	15
8568	18
8569	16
8570	13
8571	14
8572	10
8573	18
8574	12
8575	6
8576	9
8577	13
8578	10
8579	14
8580	13
8581	10
8582	11
8583	6
8584	13
8585	16
8586	12
8587	9
8588	17
8589	9
8590	11
8591	16
8592	17
8593	8
8594	9
8595	16
8596	10
8597	12
8598	13
8599	12
8600	8
8601	8
8602	10
8603	12
8604	8
8605	11
8606	16
8607	19
8608	10
8609	5
8610	9
8611	8
8612	8
8613	13
8614	7
8615	17
8616	17
8617	18
8618	9
8619	14
8620	13
8621	10
8622	15
8623	12
8624	17
8625	11
8626	16
8627	18
8628	10
8629	24
8630	16
8631	9
8632	13
8633	9
8634	10
8635	9
8636	7
8637	11
8638	13
8639	14
8640	19
8641	12
8642	10
8643	13
8644	12
8645	13
8646	15
8647	13
8648	8
8649	11
8650	7
8651	7
8652	15
8653	18
8654	15
8655	14
8656	11
8657	9
8658	17
8659	9
8660	17
8661	8
8662	10
8663	13
8664	9
8665	10
8666	15
8667	11
8668	8
8669	25
8670	7
8671	8
8672	5
8673	12
8674	17
8675	19
8676	7
8677	15
8678	10
8679	12
8680	8
8681	13
8682	8
8683	11
8684	7
8685	10
8686	14
8687	8
8688	5
8689	13
8690	11
8691	10
8692	9
8693	10
8694	5
8695	10
8696	13
8697	12
8698	14
8699	9
8700	11
8701	17
8702	14
8703	14
8704	15
8705	17
8706	20
8707	7
8708	8
8709	9
8710	14
8711	15
8712	9
8713	10
8714	12
8715	12
8716	11
8717	15
8718	7
8719	6
8720	14
8721	8
8722	8
8723	9
8724	9
8725	11
8726	5
8727	14
8728	15
8729	12
8730	12
8731	10
8732	5
8733	15
8734	15
8735	12
8736	14
8737	16
8738	13
8739	14
8740	11
8741	11
8742	14
8743	12
8744	13
8745	16
8746	6
8747	9
8748	15
8749	7
8750	13
8751	13
8752	13
8753	10
8754	6
8755	11
8756	12
8757	8
8758	10
8759	9
8760	11
8761	16
8762	15
8763	8
8764	7
8765	9
8766	18
8767	9
8768	9
8769	12
8770	7
8771	19
8772	11
8773	9
8774	12
8775	10
8776	14
8777	8
8778	11
8779	8
8780	8
8781	10
8782	9
8783	8
8784	7
8785	6
8786	14
8787	12
8788	13
8789	13
8790	10
8791	10
8792	5
8793	14
8794	14
8795	13
8796	18
8797	12
8798	11
8799	13
8800	11
8801	16
8802	9
8803	10
8804	10
8805	15
8806	13
8807	9
8808	12
8809	13
8810	12
8811	14
8812	11
8813	9
8814	7
8815	8
8816	12
8817	16
8818	15
8819	16
8820	14
8821	11
8822	7
8823	12
8824	8
8825	10
8826	10
8827	8
8828	4
8829	19
8830	8
8831	17
8832	9
8833	12
8834	10
8835	12
8836	11
8837	13
8838	7
8839	10
8840	9
8841	13
8842	9
8843	9
8844	13
8845	4
8846	12
8847	7
8848	10
8849	10
8850	12
8851	10
8852	12
8853	11
8854	12
8855	14
8856	10
8857	13
8858	9
8859	13
8860	9
8861	11
8862	18
8863	9
8864	12
8865	6
8866	14
8867	8
8868	12
8869	17
8870	12
8871	11
8872	7
8873	11
8874	14
8875	15
8876	17
8877	9
8878	10
8879	9
8880	8
8881	10
8882	11
8883	13
8884	13
8885	18
8886	7
8887	8
8888	7
8889	12
8890	7
8891	8
8892	8
8893	17
8894	13
8895	6
8896	6
8897	12
8898	8
8899	9
8900	15
8901	11
8902	8
8903	8
8904	13
8905	6
8906	14
8907	11
8908	9
8909	12
8910	8
8911	5
8912	8
8913	13
8914	8
8915	6
8916	5
8917	10
8918	7
8919	11
8920	8
8921	7
8922	10
8923	14
8924	14
8925	7
8926	9
8927	5
8928	11
8929	9
8930	9
8931	11
8932	11
8933	10
8934	18
8935	11
8936	12
8937	14
8938	10
8939	12
8940	16
8941	8
8942	7
8943	12
8944	9
8945	9
8946	14
8947	8
8948	9
8949	8
8950	11
8951	10
8952	12
8953	6
8954	16
8955	10
8956	9
8957	9
8958	7
8959	7
8960	14
8961	11
8962	12
8963	12
8964	17
8965	14
8966	11
8967	12
8968	10
8969	12
8970	15
8971	14
8972	16
8973	16
8974	9
8975	5
8976	8
8977	14
8978	12
8979	17
8980	16
8981	10
8982	13
8983	14
8984	11
8985	10
8986	9
8987	7
8988	16
8989	9
8990	13
8991	15
8992	9
8993	10
8994	6
8995	15
8996	5
8997	14
8998	5
8999	12
9000	13
9001	13
9002	11
9003	11
9004	10
9005	12
9006	13
9007	8
9008	9
9009	12
9010	9
9011	12
9012	4
9013	13
9014	11
9015	10
9016	13
9017	9
9018	8
9019	12
9020	12
9021	14
9022	11
9023	6
9024	10
9025	11
9026	4
9027	9
9028	8
9029	9
9030	11
9031	8
9032	11
9033	10
9034	5
9035	9
9036	14
9037	13
9038	8
9039	13
9040	20
9041	14
9042	13
9043	8
9044	7
9045	11
9046	7
9047	5
9048	6
9049	12
9050	9
9051	8
9052	10
9053	7
9054	14
9055	12
9056	8
9057	8
9058	4
9059	10
9060	13
9061	14
9062	5
9063	8
9064	7
9065	13
9066	14
9067	16
9068	7
9069	12
9070	5
9071	12
9072	8
9073	6
9074	11
9075	16
9076	5
9077	12
9078	11
9079	14
9080	11
9081	10
9082	9
9083	11
9084	7
9085	7
9086	13
9087	7
9088	8
9089	12
9090	9
9091	6
9092	9
9093	11
9094	15
9095	9
9096	9
9097	10
9098	12
9099	16
9100	9
9101	10
9102	9
9103	8
9104	5
9105	5
9106	8
9107	10
9108	12
9109	9
9110	11
9111	11
9112	8
9113	18
9114	12
9115	6
9116	15
9117	9
9118	7
9119	4
9120	6
9121	17
9122	8
9123	18
9124	9
9125	6
9126	8
9127	10
9128	13
9129	11
9130	10
9131	12
9132	6
9133	8
9134	7
9135	6
9136	10
9137	9
9138	7
9139	7
9140	13
9141	9
9142	11
9143	10
9144	13
9145	13
9146	12
9147	8
9148	7
9149	17
9150	12
9151	5
9152	15
9153	9
9154	7
9155	6
9156	9
9157	10
9158	11
9159	4
9160	7
9161	4
9162	11
9163	7
9164	8
9165	14
9166	7
9167	10
9168	9
9169	8
9170	15
9171	8
9172	10
9173	17
9174	17
9175	11
9176	10
9177	12
9178	19
9179	9
9180	12
9181	14
9182	7
9183	8
9184	6
9185	6
9186	18
9187	12
9188	7
9189	11
9190	6
9191	11
9192	8
9193	11
9194	8
9195	11
9196	7
9197	9
9198	10
9199	13
9200	9
9201	6
9202	7
9203	13
9204	12
9205	13
9206	8
9207	9
9208	9
9209	11
9210	13
9211	11
9212	4
9213	9
9214	9
9215	7
9216	5
9217	9
9218	9
9219	13
9220	4
9221	13
9222	13
9223	11
9224	8
9225	10
9226	11
9227	11
9228	8
9229	8
9230	7
9231	5
9232	7
9233	5
9234	15
9235	8
9236	10
9237	10
9238	10
9239	8
9240	15
9241	11
9242	13
9243	9
9244	10
9245	4
9246	10
9247	10
9248	8
9249	11
9250	6
9251	6
9252	8
9253	16
9254	6
9255	6
9256	5
9257	7
9258	11
9259	10
9260	19
9261	8
9262	15
9263	9
9264	8
9265	9
9266	12
9267	10
9268	7
9269	9
9270	9
9271	18
9272	3
9273	11
9274	8
9275	13
9276	11
9277	11
9278	8
9279	11
9280	11
9281	8
9282	12
9283	8
9284	8
9285	12
9286	10
9287	6
9288	11
9289	5
9290	6
9291	8
9292	12
9293	10
9294	12
9295	10
9296	7
9297	12
9298	8
9299	17
9300	5
9301	6
9302	7
9303	10
9304	6
9305	9
9306	10
9307	9
9308	9
9309	10
9310	10
9311	8
9312	12
9313	7
9314	14
9315	5
9316	12
9317	12
9318	6
9319	11
9320	9
9321	4
9322	6
9323	8
9324	6
9325	8
9326	7
9327	13
9328	11
9329	9
9330	8
9331	11
9332	7
9333	7
9334	6
9335	8
9336	10
9337	4
9338	9
9339	5
9340	12
9341	5
9342	14
9343	5
9344	13
9345	12
9346	9
9347	8
9348	6
9349	12
9350	11
9351	12
9352	7
9353	12
9354	10
9355	5
9356	11
9357	6
9358	8
9359	16
9360	10
9361	15
9362	8
9363	10
9364	12
9365	8
9366	7
9367	9
9368	10
9369	10
9370	8
9371	11
9372	9
9373	2
9374	8
9375	8
9376	8
9377	13
9378	15
9379	8
9380	9
9381	12
9382	6
9383	6
9384	12
9385	9
9386	6
9387	11
9388	10
9389	9
9390	9
9391	8
9392	10
9393	5
9394	4
9395	6
9396	12
9397	7
9398	12
9399	8
9400	4
9401	15
9402	8
9403	8
9404	13
9405	9
9406	9
9407	13
9408	8
9409	8
9410	10
9411	10
9412	12
9413	7
9414	9
9415	8
9416	19
9417	13
9418	9
9419	4
9420	10
9421	11
9422	6
9423	6
9424	17
9425	4
9426	13
9427	10
9428	6
9429	7
9430	5
9431	9
9432	9
9433	9
9434	7
9435	11
9436	7
9437	10
9438	9
9439	10
9440	9
9441	9
9442	8
9443	7
9444	7
9445	8
9446	9
9447	14
9448	10
9449	7
9450	10
9451	8
9452	11
9453	9
9454	4
9455	13
9456	2
9457	6
9458	8
9459	7
9460	8
9461	10
9462	11
9463	8
9464	9
9465	8
9466	5
9467	9
9468	13
9469	8
9470	6
9471	12
9472	9
9473	11
9474	11
9475	8
9476	10
9477	11
9478	10
9479	6
9480	3
9481	5
9482	15
9483	9
9484	6
9485	8
9486	8
9487	4
9488	4
9489	5
9490	8
9491	11
9492	7
9493	7
9494	8
9495	17
9496	6
9497	14
9498	6
9499	12
9500	14
9501	5
9502	7
9503	13
9504	9
9505	5
9506	6
9507	9
9508	9
9509	6
9510	3
9511	8
9512	11
9513	7
9514	9
9515	11
9516	6
9517	6
9518	6
9519	18
9520	11
9521	8
9522	5
9523	9
9524	8
9525	11
9526	6
9527	7
9528	10
9529	8
9530	6
9531	8
9532	5
9533	5
9534	10
9535	10
9536	11
9537	9
9538	6
9539	10
9540	12
9541	8
9542	5
9543	9
9544	5
9545	14
9546	11
9547	4
9548	12
9549	5
9550	4
9551	6
9552	8
9553	12
9554	9
9555	10
9556	6
9557	12
9558	5
9559	8
9560	10
9561	8
9562	5
9563	11
9564	8
9565	9
9566	6
9567	7
9568	12
9569	11
9570	9
9571	7
9572	4
9573	8
9574	11
9575	3
9576	8
9577	4
9578	14
9579	13
9580	14
9581	7
9582	4
9583	11
9584	12
9585	6
9586	10
9587	14
9588	10
9589	11
9590	6
9591	8
9592	8
9593	4
9594	6
9595	7
9596	7
9597	8
9598	9
9599	7
9600	3
9601	6
9602	11
9603	3
9604	7
9605	8
9606	10
9607	7
9608	10
9609	7
9610	4
9611	7
9612	9
9613	7
9614	7
9615	3
9616	11
9617	4
9618	9
9619	4
9620	11
9621	10
9622	9
9623	10
9624	7
9625	11
9626	7
9627	10
9628	13
9629	9
9630	4
9631	11
9632	6
9633	7
9634	7
9635	12
9636	5
9637	7
9638	7
9639	8
9640	8
9641	6
9642	6
9643	4
9644	4
9645	7
9646	7
9647	11
9648	10
9649	7
9650	11
9651	6
9652	7
9653	12
9654	4
9655	8
9656	9
9657	14
9658	7
9659	6
9660	7
9661	11
9662	9
9663	6
9664	18
9665	7
9666	4
9667	9
9668	7
9669	6
9670	6
9671	6
9672	11
9673	6
9674	8
9675	9
9676	9
9677	4
9678	8
9679	11
9680	7
9681	10
9682	7
9683	4
9684	8
9685	7
9686	3
9687	11
9688	6
9689	7
9690	4
9691	7
9692	7
9693	11
9694	12
9695	9
9696	5
9697	11
9698	9
9699	11
9700	11
9701	7
9702	12
9703	7
9704	14
9705	9
9706	10
9707	7
9708	6
9709	7
9710	9
9711	5
9712	7
9713	13
9714	3
9715	11
9716	5
9717	5
9718	8
9719	9
9720	4
9721	11
9722	5
9723	4
9724	11
9725	4
9726	9
9727	11
9728	7
9729	9
9730	8
9731	12
9732	10
9733	16
9734	7
9735	7
9736	4
9737	15
9738	7
9739	8
9740	11
9741	13
9742	10
9743	5
9744	8
9745	7
9746	2
9747	5
9748	6
9749	8
9750	7
9751	4
9752	5
9753	4
9754	6
9755	7
9756	11
9757	9
9758	7
9759	9
9760	7
9761	9
9762	9
9763	2
9764	7
9765	7
9766	13
9767	10
9768	10
9769	6
9770	14
9771	4
9772	9
9773	3
9774	8
9775	12
9776	4
9777	5
9778	8
9779	7
9780	6
9781	8
9782	8
9783	7
9784	11
9785	11
9786	4
9787	10
9788	7
9789	9
9790	7
9791	7
9792	14
9793	8
9794	9
9795	11
9796	9
9797	2
9798	15
9799	12
9800	1
9801	7
9802	12
9803	9
9804	8
9805	8
9806	9
9807	7
9808	11
9809	5
9810	8
9811	12
9812	4
9813	5
9814	12
9815	8
9816	6
9817	9
9818	4
9819	5
9820	3
9821	3
9822	7
9823	6
9824	10
9825	7
9826	7
9827	9
9828	6
9829	11
9830	6
9831	9
9832	5
9833	8
9834	8
9835	8
9836	9
9837	8
9838	5
9839	7
9840	8
9841	10
9842	10
9843	7
9844	8
9845	8
9846	9
9847	10
9848	6
9849	10
9850	6
9851	9
9852	15
9853	12
9854	9
9855	6
9856	3
9857	5
9858	11
9859	9
9860	7
9861	4
9862	8
9863	5
9864	2
9865	5
9866	4
9867	9
9868	6
9869	9
9870	7
9871	5
9872	9
9873	6
9874	7
9875	10
9876	14
9877	9
9878	7
9879	13
9880	12
9881	10
9882	4
9883	6
9884	10
9885	4
9886	7
9887	6
9888	13
9889	7
9890	4
9891	2
9892	7
9893	3
9894	8
9895	8
9896	10
9897	8
9898	8
9899	7
9900	3
9901	7
9902	8
9903	12
9904	7
9905	8
9906	7
9907	8
9908	10
9909	4
9910	3
9911	8
9912	3
9913	11
9914	5
9915	4
9916	5
9917	11
9918	10
9919	8
9920	8
9921	8
9922	4
9923	2
9924	4
9925	10
9926	3
9927	8
9928	8
9929	6
9930	7
9931	3
9932	12
9933	6
9934	11
9935	8
9936	12
9937	9
9938	5
9939	8
9940	5
9941	7
9942	9
9943	7
9944	5
9945	1
9946	5
9947	8
9948	5
9949	5
9950	8
9951	13
9952	7
9953	4
9954	7
9955	7
9956	3
9957	7
9958	8
9959	6
9960	11
9961	5
9962	4
9963	5
9964	8
9965	5
9966	6
9967	9
9968	8
9969	11
9970	8
9971	11
9972	7
9973	5
9974	9
9975	5
9976	8
9977	7
9978	5
9979	5
9980	5
9981	7
9982	7
9983	5
9984	5
9985	6
9986	5
9987	2
9988	10
9989	6
9990	8
9991	12
9992	8
9993	3
9994	12
9995	5
9996	4
9997	14
9998	5
9999	3
10000	6
10001	7
10002	8
10003	3
10004	7
10005	9
10006	5
10007	5
10008	10
10009	9
10010	7
10011	3
10012	4
10013	4
10014	4
10015	8
10016	12
10017	2
10018	6
10019	9
10020	7
10021	6
10022	5
10023	5
10024	9
10025	8
10026	10
10027	7
10028	7
10029	6
10030	13
10031	8
10032	10
10033	7
10034	7
10035	8
10036	12
10037	8
10038	6
10039	9
10040	6
10041	8
10042	4
10043	9
10044	3
10045	8
10046	6
10047	5
10048	6
10049	4
10050	8
10051	2
10052	12
10053	5
10054	9
10055	10
10056	8
10057	3
10058	7
10059	7
10060	7
10061	8
10062	6
10063	3
10064	5
10065	8
10066	5
10067	5
10068	10
10069	8
10070	4
10071	3
10072	4
10073	7
10074	4
10075	3
10076	12
10077	5
10078	10
10079	4
10080	10
10081	13
10082	7
10083	6
10084	6
10085	11
10086	8
10087	8
10088	5
10089	14
10090	2
10091	9
10092	5
10093	5
10094	3
10095	9
10096	5
10097	9
10098	6
10099	5
10100	3
10101	2
10102	3
10103	3
10104	3
10105	5
10106	5
10107	7
10108	9
10109	7
10110	7
10111	4
10112	6
10113	7
10114	10
10115	6
10116	9
10117	8
10118	4
10119	5
10120	11
10121	9
10122	7
10123	4
10124	4
10125	5
10126	12
10127	2
10128	9
10129	6
10130	9
10131	5
10132	11
10133	5
10134	10
10135	9
10136	7
10137	7
10138	8
10139	4
10140	8
10141	6
10142	4
10143	2
10144	5
10145	6
10146	6
10147	7
10148	4
10149	9
10150	9
10151	4
10152	6
10153	5
10154	2
10155	11
10156	10
10157	12
10158	8
10159	10
10160	6
10161	4
10162	6
10163	10
10164	6
10165	8
10166	3
10167	3
10168	10
10169	8
10170	7
10171	11
10172	5
10173	8
10174	12
10175	3
10176	4
10177	6
10178	8
10179	10
10180	7
10181	6
10182	7
10183	10
10184	8
10185	9
10186	4
10187	3
10188	7
10189	8
10190	5
10191	7
10192	7
10193	4
10194	6
10195	7
10196	6
10197	8
10198	17
10199	3
10200	4
10201	4
10202	5
10203	4
10204	7
10205	16
10206	7
10207	7
10208	4
10209	5
10210	5
10211	9
10212	10
10213	9
10214	5
10215	8
10216	4
10217	4
10218	6
10219	10
10220	7
10221	10
10222	3
10223	5
10224	5
10225	8
10226	9
10227	10
10228	7
10229	4
10230	5
10231	8
10232	7
10233	4
10234	12
10235	8
10236	8
10237	7
10238	4
10239	5
10240	5
10241	5
10242	14
10243	7
10244	9
10245	4
10246	13
10247	5
10248	13
10249	6
10250	4
10251	1
10252	7
10253	8
10254	3
10255	7
10256	10
10257	8
10258	4
10259	3
10260	4
10261	6
10262	3
10263	8
10264	5
10265	5
10266	4
10267	9
10268	6
10269	2
10270	7
10271	9
10272	6
10273	8
10274	3
10275	6
10276	6
10277	7
10278	5
10279	4
10280	4
10281	3
10282	7
10283	7
10284	5
10285	4
10286	8
10287	12
10288	11
10289	6
10290	6
10291	4
10292	6
10293	2
10294	7
10295	5
10296	5
10297	9
10298	6
10299	8
10300	5
10301	6
10302	4
10303	6
10304	6
10305	5
10306	4
10307	5
10308	6
10309	4
10310	5
10311	5
10312	5
10313	7
10314	8
10315	7
10316	6
10317	8
10318	5
10319	9
10320	10
10321	6
10322	9
10323	11
10324	10
10325	6
10326	4
10327	7
10328	7
10329	6
10330	8
10331	5
10332	6
10333	10
10334	8
10335	9
10336	4
10337	9
10338	5
10339	6
10340	6
10341	11
10342	4
10343	9
10344	5
10345	5
10346	6
10347	7
10348	7
10349	4
10350	8
10351	8
10352	1
10353	7
10354	7
10355	7
10356	10
10357	7
10358	3
10359	11
10360	7
10361	12
10362	6
10363	3
10364	6
10365	4
10366	8
10367	10
10368	6
10369	8
10370	9
10371	7
10372	4
10373	9
10374	2
10375	5
10376	6
10377	9
10378	5
10379	9
10380	7
10381	7
10382	7
10383	3
10384	4
10385	5
10386	4
10387	5
10388	4
10389	8
10390	9
10391	4
10392	5
10393	7
10394	4
10395	3
10396	4
10397	8
10398	8
10399	8
10400	4
10401	6
10402	4
10403	6
10404	5
10405	7
10406	6
10407	3
10408	5
10409	4
10410	4
10411	4
10412	6
10413	5
10414	9
10415	5
10416	6
10417	6
10418	5
10419	5
10420	8
10421	5
10422	9
10423	8
10424	8
10425	4
10426	4
10427	7
10428	5
10429	5
10430	8
10431	8
10432	3
10433	4
10434	6
10435	4
10436	2
10437	5
10438	2
10439	7
10440	6
10441	4
10442	6
10443	5
10444	4
10445	8
10446	5
10447	6
10448	5
10449	3
10450	5
10451	2
10452	6
10453	4
10454	6
10455	7
10456	6
10457	8
10458	4
10459	6
10460	2
10461	2
10462	3
10463	11
10464	6
10465	7
10466	5
10467	6
10468	7
10469	8
10470	7
10471	2
10472	4
10473	3
10474	9
10475	4
10476	3
10477	3
10478	5
10479	7
10480	7
10481	4
10482	7
10483	9
10484	3
10485	10
10486	9
10487	8
10488	6
10489	5
10490	6
10491	6
10492	3
10493	5
10494	7
10495	3
10496	5
10497	6
10499	5
10500	6
10501	4
10502	2
10503	7
10504	3
10505	7
10506	7
10507	5
10508	7
10509	5
10510	9
10511	1
10512	8
10513	11
10514	9
10515	3
10516	5
10517	8
10518	2
10519	12
10520	2
10521	6
10522	8
10523	10
10524	2
10525	6
10526	8
10527	6
10528	5
10529	7
10530	4
10531	11
10532	6
10533	6
10534	8
10535	5
10536	12
10537	8
10538	2
10539	6
10540	3
10541	9
10542	5
10543	8
10544	8
10545	5
10546	5
10547	2
10548	6
10549	7
10550	5
10551	4
10552	3
10553	5
10554	7
10555	4
10556	6
10557	3
10558	8
10559	4
10560	3
10561	6
10562	6
10563	4
10564	5
10565	3
10566	12
10567	6
10568	8
10569	2
10570	4
10571	8
10572	4
10573	5
10574	5
10575	5
10576	5
10577	9
10578	6
10579	3
10580	8
10581	5
10582	7
10583	3
10584	4
10585	5
10586	5
10587	6
10588	4
10589	3
10590	5
10591	10
10592	5
10593	2
10594	3
10595	9
10596	3
10597	9
10598	8
10599	5
10600	3
10601	5
10602	4
10603	5
10604	5
10605	5
10606	3
10607	10
10608	3
10609	5
10610	5
10611	5
10612	6
10613	3
10614	6
10615	3
10616	4
10617	5
10618	6
10619	7
10620	4
10621	1
10622	5
10623	5
10624	5
10625	4
10626	4
10627	8
10628	4
10629	6
10630	4
10631	9
10632	2
10633	6
10634	3
10635	13
10636	4
10637	5
10638	3
10639	6
10640	9
10641	13
10642	9
10643	3
10644	5
10645	6
10646	6
10647	7
10648	6
10649	3
10650	4
10651	3
10652	7
10653	2
10654	4
10655	4
10656	4
10657	1
10658	2
10659	6
10660	6
10661	6
10662	4
10663	3
10664	5
10665	6
10666	14
10667	4
10668	6
10669	3
10670	7
10671	8
10672	8
10673	11
10674	3
10675	5
10676	4
10677	8
10678	2
10679	3
10680	5
10681	4
10682	4
10683	3
10684	5
10685	5
10686	6
10687	3
10688	3
10689	1
10690	1
10691	7
10692	7
10693	4
10694	6
10695	10
10696	3
10697	5
10698	1
10699	9
10700	3
10701	5
10702	7
10703	6
10704	1
10705	8
10706	6
10707	3
10708	3
10709	3
10710	2
10711	2
10712	6
10713	8
10714	8
10715	10
10716	8
10717	7
10718	5
10719	6
10720	1
10721	6
10722	8
10723	6
10724	8
10725	7
10726	2
10727	4
10728	7
10729	6
10730	7
10731	4
10732	7
10733	8
10734	4
10735	6
10736	4
10737	3
10738	3
10739	6
10740	1
10741	3
10742	1
10743	10
10744	7
10745	7
10746	7
10747	6
10748	1
10749	9
10750	5
10751	5
10752	3
10753	4
10754	3
10755	3
10756	5
10757	8
10758	8
10759	8
10760	4
10761	5
10762	3
10763	5
10764	1
10765	7
10766	5
10767	2
10768	2
10769	5
10770	5
10771	11
10772	4
10773	8
10774	6
10775	8
10776	5
10777	1
10778	6
10779	7
10780	7
10781	5
10782	4
10783	4
10785	2
10786	5
10787	6
10788	5
10789	7
10790	5
10791	6
10792	5
10793	5
10794	1
10795	7
10796	6
10797	5
10798	9
10799	7
10800	4
10801	8
10802	5
10803	3
10804	3
10805	5
10806	6
10807	2
10808	4
10809	4
10810	2
10811	6
10812	10
10813	2
10814	4
10815	6
10816	4
10817	7
10818	3
10819	5
10820	3
10821	6
10822	3
10823	7
10824	2
10825	5
10826	8
10827	7
10828	4
10829	6
10830	6
10831	2
10832	6
10833	4
10834	4
10835	6
10836	6
10837	5
10838	7
10839	3
10840	7
10841	8
10842	2
10843	5
10844	3
10845	5
10846	4
10847	6
10848	3
10849	8
10850	4
10851	6
10852	5
10853	6
10854	4
10855	10
10856	6
10857	2
10858	3
10859	5
10860	8
10861	8
10862	10
10863	4
10864	7
10865	1
10866	2
10867	2
10868	2
10869	13
10870	3
10871	8
10872	8
10873	9
10874	5
10875	6
10876	4
10877	6
10878	4
10879	1
10880	8
10881	9
10882	8
10883	4
10884	5
10885	6
10886	2
10887	4
10888	2
10889	5
10890	6
10891	6
10892	5
10893	4
10894	7
10895	5
10896	5
10897	4
10898	5
10899	10
10900	4
10901	9
10902	8
10903	2
10904	6
10905	7
10906	7
10907	3
10908	2
10909	6
10910	4
10911	5
10912	5
10913	3
10914	3
10915	8
10916	4
10917	7
10918	5
10919	2
10920	7
10921	2
10922	2
10923	4
10924	5
10925	2
10926	5
10927	3
10928	5
10929	7
10930	3
10931	7
10932	2
10933	5
10934	2
10935	3
10936	4
10937	5
10938	6
10939	2
10940	2
10941	2
10942	5
10943	4
10944	7
10945	7
10946	3
10947	9
10948	4
10949	3
10950	5
10951	6
10952	1
10953	5
10954	7
10955	4
10956	7
10957	5
10958	3
10959	2
10960	2
10961	5
10962	7
10963	7
10964	8
10965	5
10966	6
10967	9
10968	7
10969	8
10970	4
10971	4
10972	8
10973	2
10974	5
10975	3
10976	6
10977	6
10979	5
10980	4
10981	5
10982	4
10983	4
10984	7
10985	8
10986	4
10987	7
10988	4
10989	2
10990	4
10991	5
10992	4
10993	3
10994	4
10995	3
10996	2
10997	6
10998	7
10999	5
11000	10
11001	9
11002	4
11003	5
11004	7
11005	4
11006	3
11007	10
11008	5
11009	5
11010	5
11011	2
11012	7
11013	3
11014	2
11015	7
11016	3
11017	1
11018	3
11019	8
11020	4
11021	1
11022	4
11023	8
11024	5
11025	4
11026	5
11027	10
11028	4
11029	13
11030	3
11031	2
11032	4
11033	5
11034	7
11035	4
11036	9
11037	7
11038	4
11039	3
11040	2
11041	6
11042	11
11043	6
11044	3
11045	3
11046	13
11047	3
11048	4
11049	4
11050	6
11051	5
11052	2
11053	7
11054	5
11055	1
11056	5
11057	2
11058	2
11059	3
11060	3
11061	3
11062	6
11063	6
11064	1
11065	4
11066	5
11067	5
11068	5
11069	2
11070	6
11071	2
11072	5
11073	5
11074	7
11075	3
11076	1
11077	5
11078	5
11079	9
11080	7
11081	5
11082	6
11083	5
11084	3
11085	3
11086	5
11087	5
11088	7
11089	2
11090	7
11091	7
11092	6
11093	4
11094	3
11095	7
11096	8
11097	1
11098	1
11099	3
11100	5
11101	3
11102	4
11103	2
11104	3
11105	5
11106	6
11107	8
11108	6
11109	8
11110	4
11111	7
11112	3
11113	4
11114	3
11115	3
11116	2
11117	2
11118	7
11119	3
11120	6
11121	5
11122	2
11123	10
11124	6
11125	4
11126	2
11127	7
11128	7
11129	4
11130	3
11131	3
11132	4
11133	3
11134	6
11135	5
11136	4
11137	8
11138	9
11139	1
11140	5
11141	3
11142	5
11143	7
11144	7
11145	4
11146	4
11147	4
11148	3
11149	3
11150	10
11151	6
11152	3
11153	1
11154	2
11155	9
11156	5
11157	7
11158	5
11159	4
11160	3
11161	5
11162	3
11163	1
11164	3
11165	5
11166	5
11167	5
11168	2
11169	4
11170	5
11171	5
11172	8
11173	5
11174	7
11175	5
11176	2
11177	2
11178	4
11179	3
11180	3
11181	2
11182	7
11183	2
11184	4
11185	2
11186	9
11187	4
11188	6
11189	1
11190	7
11191	3
11192	2
11193	2
11194	6
11195	4
11196	7
11197	9
11198	3
11199	5
11200	2
11201	6
11202	4
11203	6
11204	7
11205	7
11206	9
11207	4
11208	6
11209	3
11210	3
11211	4
11212	2
11213	3
11214	1
11215	8
11216	5
11217	5
11218	1
11219	7
11221	5
11222	7
11223	4
11224	5
11225	5
11226	1
11227	8
11228	6
11229	3
11230	5
11231	1
11232	9
11233	2
11234	6
11235	7
11236	6
11237	1
11238	4
11239	2
11240	6
11241	4
11242	9
11243	2
11244	2
11245	5
11246	4
11247	2
11248	3
11249	4
11250	2
11251	6
11252	7
11253	3
11254	10
11255	3
11256	4
11257	5
11258	6
11259	6
11260	3
11261	3
11262	4
11263	7
11264	4
11265	4
11266	6
11267	3
11268	6
11269	3
11270	4
11271	2
11272	3
11273	3
11274	5
11275	9
11276	1
11277	4
11278	3
11279	3
11280	6
11281	9
11282	1
11283	6
11284	3
11285	4
11286	2
11287	9
11288	3
11289	7
11290	4
11291	4
11292	3
11293	8
11294	4
11295	6
11296	5
11297	2
11298	4
11299	5
11300	2
11301	5
11302	8
11303	9
11304	4
11306	4
11307	4
11308	3
11309	3
11310	3
11311	1
11312	4
11313	5
11314	7
11315	2
11316	3
11317	5
11318	4
11319	7
11320	4
11321	8
11322	1
11323	7
11324	3
11325	1
11326	3
11327	5
11328	5
11329	6
11330	4
11331	3
11332	2
11333	5
11334	3
11335	5
11336	5
11337	2
11338	1
11339	7
11340	4
11341	1
11342	4
11343	6
11344	2
11345	6
11346	6
11347	2
11349	10
11350	4
11351	2
11352	4
11353	8
11354	4
11355	3
11356	6
11357	2
11358	9
11359	6
11361	2
11362	4
11363	4
11364	3
11365	6
11366	4
11367	7
11368	3
11369	5
11370	5
11371	1
11372	4
11373	6
11374	3
11375	2
11376	5
11377	5
11378	4
11379	6
11380	2
11381	1
11382	5
11383	5
11384	5
11385	2
11386	8
11387	6
11388	4
11389	4
11390	5
11391	3
11392	4
11393	1
11394	8
11395	4
11396	5
11397	4
11398	4
11399	6
11400	4
11401	7
11402	3
11403	4
11404	4
11405	3
11406	7
11407	3
11408	3
11409	4
11410	7
11411	1
11413	3
11414	2
11415	5
11416	2
11417	4
11418	5
11419	3
11420	2
11421	2
11422	3
11423	3
11424	4
11425	4
11426	4
11427	6
11428	1
11429	2
11430	3
11431	3
11432	3
11433	3
11434	1
11435	7
11436	3
11437	3
11438	2
11439	6
11440	4
11441	5
11442	3
11443	3
11444	10
11445	4
11446	2
11447	6
11448	8
11449	3
11450	2
11451	5
11452	3
11453	4
11454	3
11455	5
11456	3
11457	5
11458	3
11459	3
11460	5
11462	4
11465	3
11466	2
11467	1
11468	8
11469	3
11470	4
11471	2
11472	3
11473	2
11474	8
11475	4
11476	6
11477	2
11478	3
11479	5
11480	2
11481	3
11482	4
11483	4
11484	6
11485	4
11486	3
11487	5
11488	6
11489	4
11490	5
11491	6
11492	2
11493	2
11494	2
11495	5
11496	2
11497	2
11498	3
11499	8
11500	1
11501	4
11502	4
11503	7
11504	4
11505	3
11506	3
11507	1
11508	6
11509	6
11510	2
11511	5
11512	1
11513	6
11514	5
11515	2
11516	1
11517	6
11518	4
11519	5
11520	1
11521	4
11522	4
11523	2
11524	5
11525	3
11526	5
11527	9
11528	4
11529	2
11530	3
11531	4
11532	3
11533	2
11534	3
11535	6
11536	1
11537	4
11538	3
11539	2
11540	2
11541	5
11542	6
11543	4
11544	4
11545	3
11546	2
11547	5
11548	4
11549	3
11550	1
11551	5
11552	8
11553	3
11554	5
11555	4
11556	5
11557	5
11558	5
11559	6
11560	3
11561	5
11562	2
11563	7
11564	2
11565	6
11566	5
11567	9
11568	4
11569	4
11570	5
11571	2
11572	3
11573	5
11574	5
11575	6
11576	5
11577	4
11578	6
11579	4
11580	4
11581	3
11582	4
11583	6
11584	3
11585	3
11586	4
11587	4
11588	5
11589	5
11590	2
11591	5
11592	5
11593	5
11594	4
11595	5
11596	4
11597	3
11598	5
11599	1
11600	3
11601	4
11602	4
11603	7
11604	4
11605	5
11606	4
11607	4
11608	3
11609	5
11610	3
11611	4
11612	2
11613	3
11614	6
11615	2
11616	1
11617	2
11618	3
11619	3
11620	6
11621	4
11622	7
11623	2
11624	7
11625	4
11626	6
11627	1
11628	3
11629	4
11630	3
11631	7
11632	3
11633	5
11634	3
11635	5
11636	3
11637	6
11638	5
11639	4
11640	5
11641	1
11642	4
11643	2
11644	5
11645	3
11647	2
11648	4
11650	1
11651	1
11652	4
11653	3
11654	1
11655	5
11656	5
11657	4
11658	2
11659	3
11660	1
11661	3
11662	3
11663	6
11664	5
11665	4
11666	4
11667	1
11668	3
11669	3
11672	4
11673	3
11674	4
11675	5
11676	7
11677	7
11678	6
11679	8
11680	4
11681	3
11682	2
11683	1
11684	2
11685	2
11686	5
11687	2
11688	3
11691	5
11692	3
11693	3
11694	3
11695	2
11696	6
11697	6
11698	5
11699	4
11700	5
11701	6
11702	3
11703	5
11704	1
11705	5
11706	2
11707	3
11708	1
11709	1
11710	4
11711	5
11712	1
11713	4
11714	3
11715	2
11716	3
11717	5
11718	2
11719	1
11720	1
11721	3
11722	3
11723	3
11724	1
11725	6
11726	4
11727	3
11728	4
11729	9
11730	5
11731	3
11732	5
11733	6
11734	3
11735	1
11736	2
11738	2
11739	4
11740	2
11741	5
11742	1
11743	5
11744	2
11745	2
11746	2
11747	2
11748	3
11749	4
11750	4
11751	2
11752	7
11753	5
11754	3
11756	1
11757	3
11758	1
11759	3
11762	2
11763	4
11764	4
11765	1
11766	4
11767	4
11768	3
11769	4
11770	2
11771	5
11772	3
11773	3
11774	5
11775	3
11776	7
11777	5
11778	7
11779	6
11780	4
11781	4
11782	2
11783	1
11784	3
11785	5
11786	8
11787	4
11788	1
11789	3
11790	2
11791	4
11792	2
11793	7
11794	6
11795	2
11796	3
11797	4
11798	4
11799	3
11800	3
11801	3
11802	2
11803	6
11804	2
11805	4
11806	3
11807	2
11808	3
11809	4
11810	3
11811	4
11812	1
11813	7
11814	6
11815	4
11816	5
11817	9
11818	2
11819	6
11820	6
11821	6
11822	3
11823	6
11824	4
11825	1
11826	4
11827	3
11828	3
11829	3
11830	4
11831	2
11832	8
11833	1
11834	4
11835	2
11836	1
11837	1
11838	5
11839	7
11840	2
11841	2
11842	3
11843	6
11844	1
11845	3
11846	1
11847	6
11848	3
11849	7
11850	5
11851	2
11852	4
11853	3
11854	3
11855	3
11856	6
11857	1
11858	4
11859	3
11860	3
11861	7
11862	2
11863	4
11864	2
11865	3
11866	4
11867	4
11868	4
11869	1
11870	2
11871	2
11872	3
11873	2
11874	4
11875	5
11876	3
11877	3
11878	5
11879	4
11881	2
11882	5
11883	1
11884	2
11885	2
11886	5
11887	2
11888	2
11889	1
11890	2
11891	4
11892	5
11893	2
11894	4
11895	3
11896	4
11897	8
11898	4
11899	4
11900	3
11901	2
11902	4
11903	5
11904	2
11905	2
11906	1
11907	1
11908	2
11909	6
11910	2
11911	3
11912	1
11913	3
11915	2
11916	3
11917	4
11918	2
11919	3
11920	5
11921	5
11922	4
11923	4
11924	2
11925	4
11926	3
11927	2
11928	3
11929	3
11930	1
11931	4
11932	3
11933	6
11934	2
11935	4
11936	3
11937	4
11938	3
11939	7
11940	3
11941	3
11942	2
11943	5
11944	6
11945	2
11946	2
11947	4
11948	2
11949	2
11950	5
11951	3
11952	3
11953	3
11954	4
11955	4
11956	4
11957	3
11958	2
11959	5
11960	3
11961	2
11962	4
11963	2
11964	5
11965	4
11966	1
11967	1
11968	2
11969	4
11970	2
11972	4
11973	4
11974	3
11975	3
11976	5
11978	1
11979	5
11980	2
11981	7
11982	2
11983	5
11984	3
11985	2
11986	3
11987	3
11988	2
11989	6
11990	1
11991	3
11992	1
11993	6
11994	1
11995	4
11996	1
11997	2
11998	4
11999	3
12000	4
12001	4
12002	4
12003	3
12004	4
12005	5
12006	5
12007	4
12008	3
12009	1
12010	2
12011	1
12012	5
12013	5
12014	3
12015	1
12016	5
12017	4
12018	5
12019	3
12020	1
12021	4
12022	5
12023	3
12024	3
12025	6
12026	1
12027	8
12028	3
12029	2
12030	3
12031	4
12032	5
12033	2
12034	3
12035	4
12036	3
12038	4
12039	3
12041	2
12042	2
12043	1
12044	1
12045	2
12046	4
12047	1
12048	1
12049	5
12050	6
12051	1
12052	3
12053	5
12054	2
12055	4
12056	2
12057	2
12058	3
12059	1
12060	5
12061	3
12062	2
12063	3
12064	3
12065	2
12066	5
12067	2
12068	2
12069	1
12070	1
12071	5
12072	3
12074	6
12075	2
12076	2
12077	3
12078	5
12079	4
12080	3
12081	7
12082	3
12083	6
12084	3
12085	4
12086	2
12087	4
12089	2
12090	4
12091	2
12092	5
12093	3
12094	2
12095	2
12096	4
12097	2
12098	5
12099	2
12100	3
12101	5
12102	3
12103	3
12104	1
12105	2
12107	4
12108	2
12109	3
12110	2
12111	5
12112	1
12113	2
12114	5
12115	2
12117	3
12118	5
12119	3
12120	4
12121	1
12122	5
12123	2
12124	1
12125	2
12126	2
12127	3
12128	2
12129	4
12130	4
12131	1
12132	3
12133	2
12134	5
12135	6
12136	1
12137	3
12138	1
12139	1
12140	5
12141	2
12142	1
12143	2
12144	4
12145	3
12146	2
12147	4
12148	5
12149	3
12150	3
12151	3
12152	3
12153	1
12154	2
12155	1
12156	1
12157	1
12158	1
12159	1
12160	4
12161	5
12162	1
12163	5
12164	2
12165	4
12166	5
12167	2
12168	5
12169	5
12170	5
12171	3
12172	2
12173	3
12174	1
12175	2
12176	4
12177	4
12178	2
12179	2
12180	4
12181	2
12182	1
12183	4
12184	4
12185	4
12186	3
12187	7
12188	3
12189	3
12190	5
12191	4
12192	2
12193	1
12194	1
12195	2
12196	4
12197	3
12198	5
12200	1
12201	1
12202	3
12203	11
12204	2
12205	1
12206	2
12207	5
12208	4
12209	3
12210	4
12211	8
12212	6
12214	6
12215	2
12216	3
12217	1
12218	2
12220	1
12221	2
12222	2
12223	2
12224	1
12225	3
12226	1
12227	2
12229	5
12230	3
12231	2
12232	5
12233	3
12234	5
12235	2
12236	7
12237	1
12238	2
12239	2
12240	4
12241	5
12242	4
12243	1
12244	3
12245	4
12246	1
12247	4
12248	5
12249	2
12251	1
12252	4
12253	4
12254	2
12255	1
12256	1
12257	5
12258	3
12259	1
12260	2
12261	1
12263	3
12264	2
12265	1
12266	4
12267	2
12268	1
12269	2
12270	3
12271	3
12272	3
12273	3
12274	3
12275	3
12276	8
12277	3
12278	6
12279	5
12280	6
12281	1
12282	2
12283	1
12284	3
12285	3
12286	2
12287	6
12288	1
12289	3
12290	2
12291	5
12292	2
12293	2
12294	1
12295	3
12296	5
12297	7
12298	3
12299	1
12300	1
12301	5
12302	4
12303	2
12304	3
12305	1
12306	3
12307	1
12308	5
12309	3
12310	4
12311	2
12312	2
12313	1
12314	4
12315	1
12316	3
12317	6
12319	3
12320	4
12321	1
12322	4
12324	2
12325	2
12326	2
12327	1
12328	3
12329	2
12330	8
12331	3
12332	2
12333	3
12335	2
12336	6
12337	2
12338	2
12339	2
12340	6
12341	7
12342	5
12343	4
12344	5
12345	8
12346	3
12347	4
12348	2
12349	1
12350	4
12351	3
12352	2
12353	4
12354	1
12355	4
12356	1
12357	2
12358	1
12359	2
12361	2
12362	2
12363	3
12364	3
12365	1
12366	1
12367	4
12369	3
12370	7
12371	2
12372	3
12373	1
12374	2
12375	6
12376	6
12377	9
12378	4
12379	2
12380	4
12382	4
12383	4
12384	2
12385	2
12386	5
12387	1
12388	4
12389	2
12390	2
12391	4
12392	3
12393	1
12394	1
12395	4
12396	2
12397	4
12398	4
12399	3
12400	4
12401	2
12402	1
12403	4
12404	3
12405	3
12406	7
12407	2
12408	1
12409	6
12410	2
12411	3
12412	1
12413	4
12414	2
12415	1
12416	3
12417	1
12418	1
12419	4
12420	5
12421	4
12423	3
12424	2
12425	1
12426	4
12427	4
12428	1
12429	4
12430	2
12431	5
12432	1
12433	4
12435	5
12436	1
12437	3
12438	5
12439	2
12440	5
12441	5
12442	3
12443	3
12444	4
12445	4
12446	4
12447	5
12448	1
12449	4
12450	1
12451	1
12452	2
12453	3
12454	1
12455	2
12456	5
12457	7
12458	2
12459	3
12460	1
12461	2
12462	1
12463	7
12464	3
12465	1
12466	2
12467	4
12468	2
12469	3
12470	1
12471	1
12472	3
12473	3
12474	3
12475	3
12476	3
12477	3
12478	6
12479	5
12480	2
12481	3
12482	4
12483	3
12484	2
12485	5
12486	2
12487	4
12488	1
12489	2
12490	1
12491	4
12492	2
12494	2
12495	2
12496	1
12497	4
12498	6
12499	1
12500	1
12501	3
12502	1
12503	1
12505	2
12507	3
12508	1
12509	2
12510	6
12512	4
12513	9
12514	4
12515	2
12516	4
12517	1
12518	2
12519	1
12520	3
12521	3
12522	2
12523	5
12524	4
12526	1
12527	2
12528	2
12529	2
12530	2
12531	7
12532	6
12533	1
12536	2
12537	3
12538	2
12539	2
12540	4
12541	2
12542	5
12543	4
12544	4
12545	2
12547	5
12548	4
12549	4
12550	2
12551	1
12552	2
12553	8
12554	4
12555	3
12556	1
12557	2
12558	3
12559	2
12560	2
12561	2
12562	5
12563	5
12564	2
12565	1
12566	4
12568	2
12569	1
12570	1
12571	5
12572	1
12573	4
12575	4
12576	2
12577	3
12578	4
12579	4
12580	2
12581	4
12582	3
12583	2
12586	4
12587	2
12588	2
12589	3
12590	3
12591	1
12592	3
12593	1
12594	4
12595	4
12596	3
12597	5
12598	4
12599	2
12600	2
12602	4
12603	5
12604	1
12605	2
12606	1
12607	1
12608	1
12609	2
12611	1
12612	4
12613	3
12614	2
12616	1
12617	2
12618	4
12619	3
12620	5
12621	3
12622	4
12623	3
12624	4
12625	2
12627	2
12628	2
12629	2
12630	2
12631	3
12632	1
12633	2
12634	5
12635	4
12636	1
12637	5
12638	5
12639	5
12641	2
12642	2
12643	1
12644	2
12645	1
12646	2
12647	2
12648	3
12649	1
12650	2
12651	3
12652	6
12655	2
12656	2
12658	1
12659	6
12660	1
12661	1
12662	3
12663	4
12664	2
12665	3
12666	2
12667	3
12668	4
12670	1
12671	2
12672	3
12673	7
12674	4
12675	3
12676	1
12678	2
12679	1
12680	3
12681	2
12682	1
12683	4
12686	2
12687	2
12688	1
12689	1
12691	3
12692	3
12693	3
12694	5
12695	1
12696	1
12697	1
12699	2
12700	2
12701	6
12702	1
12703	3
12704	1
12705	2
12707	3
12708	2
12709	3
12710	4
12711	4
12712	1
12713	6
12714	2
12715	6
12716	2
12717	3
12718	2
12719	3
12720	2
12721	1
12722	4
12723	1
12724	2
12725	4
12726	4
12728	2
12729	2
12730	2
12731	1
12732	2
12733	4
12735	5
12736	1
12737	1
12739	5
12740	5
12741	4
12742	1
12743	4
12744	1
12746	5
12747	1
12748	3
12750	1
12751	2
12752	2
12753	2
12754	2
12755	2
12756	3
12757	3
12758	5
12759	3
12760	3
12761	3
12762	1
12763	3
12765	2
12766	2
12768	2
12769	3
12770	2
12771	1
12772	1
12773	3
12774	2
12775	3
12776	1
12778	2
12779	4
12781	4
12782	3
12783	2
12784	2
12785	3
12787	7
12788	1
12789	2
12790	2
12791	2
12792	1
12793	3
12794	1
12795	3
12796	2
12797	1
12798	2
12799	2
12800	4
12801	2
12802	1
12803	2
12804	2
12805	3
12806	3
12807	5
12809	2
12810	5
12811	2
12812	4
12813	1
12814	4
12815	1
12816	2
12817	3
12818	1
12819	3
12821	2
12824	1
12826	1
12827	2
12828	3
12829	1
12831	3
12832	4
12833	2
12834	3
12835	1
12837	1
12838	3
12839	1
12840	2
12841	1
12842	4
12843	5
12844	4
12846	3
12847	2
12849	2
12850	2
12851	3
12852	3
12853	1
12854	2
12855	4
12856	5
12857	4
12858	1
12859	3
12860	1
12861	3
12862	1
12863	2
12864	2
12865	2
12866	3
12867	5
12869	2
12872	2
12873	1
12874	2
12877	3
12878	2
12879	1
12880	1
12881	2
12882	1
12883	1
12884	1
12885	2
12886	2
12887	2
12888	3
12889	2
12890	1
12891	1
12892	1
12894	2
12895	3
12896	2
12897	2
12898	1
12899	2
12900	3
12901	5
12902	2
12903	3
12904	4
12905	1
12906	1
12908	1
12909	2
12910	3
12911	7
12912	2
12913	3
12914	4
12915	3
12916	3
12917	5
12919	6
12920	2
12921	3
12922	3
12923	5
12924	1
12925	5
12926	2
12927	2
12928	2
12929	3
12930	2
12932	2
12933	1
12934	2
12935	2
12936	2
12937	1
12939	3
12940	2
12942	5
12943	5
12944	4
12945	1
12946	4
12947	2
12948	1
12949	5
12950	1
12951	2
12952	1
12953	2
12954	1
12955	2
12957	3
12958	3
12959	2
12960	1
12961	3
12962	5
12964	3
12965	5
12966	2
12968	1
12969	2
12970	5
12971	3
12972	3
12973	3
12974	3
12975	2
12976	2
12977	4
12978	3
12979	1
12981	5
12984	2
12987	1
12988	3
12989	5
12990	1
12991	2
12992	1
12993	4
12994	2
12995	3
12996	2
12997	1
12998	2
12999	3
13000	1
13002	1
13005	1
13006	1
13007	3
13008	2
13009	1
13010	4
13011	3
13012	1
13013	3
13015	1
13016	1
13017	4
13018	2
13019	5
13020	1
13021	1
13022	1
13023	1
13024	1
13025	3
13027	2
13028	1
13030	6
13031	2
13032	2
13033	2
13034	1
13035	4
13037	4
13038	2
13039	3
13040	2
13041	4
13042	3
13043	2
13045	2
13046	2
13050	4
13051	1
13052	2
13053	3
13055	5
13056	2
13057	1
13058	4
13059	1
13060	3
13061	2
13062	4
13063	1
13064	2
13066	2
13067	3
13068	1
13069	1
13070	1
13071	1
13072	1
13073	2
13074	4
13075	2
13076	1
13077	1
13078	1
13079	1
13080	2
13081	4
13082	2
13083	1
13085	2
13086	2
13087	3
13088	2
13089	2
13090	2
13091	2
13092	4
13093	3
13094	1
13095	2
13096	1
13097	1
13098	1
13099	2
13100	3
13101	3
13102	2
13103	2
13104	2
13106	3
13107	2
13108	2
13109	2
13110	1
13111	1
13112	3
13113	3
13114	1
13115	5
13116	5
13117	2
13118	1
13119	2
13120	1
13121	1
13122	3
13123	2
13124	1
13126	1
13127	3
13129	4
13130	3
13131	2
13133	1
13134	2
13135	2
13136	2
13137	3
13138	3
13139	1
13140	1
13141	3
13142	6
13143	3
13144	3
13145	1
13147	3
13148	1
13149	3
13150	1
13151	1
13152	2
13153	1
13154	2
13155	1
13157	5
13158	2
13159	3
13160	3
13161	2
13162	1
13164	4
13165	1
13166	1
13167	3
13168	2
13169	3
13170	2
13171	2
13173	2
13174	3
13175	1
13176	2
13177	3
13178	1
13179	4
13180	5
13181	2
13182	1
13183	1
13184	3
13185	4
13186	1
13187	3
13188	3
13189	3
13190	1
13191	1
13192	2
13193	1
13195	2
13196	1
13198	2
13199	1
13200	1
13201	3
13202	1
13203	2
13204	2
13205	2
13207	1
13208	3
13209	3
13210	2
13211	2
13212	1
13213	4
13214	1
13215	3
13216	1
13217	1
13218	3
13219	1
13220	1
13221	2
13222	3
13223	1
13224	1
13225	3
13226	1
13227	2
13228	3
13229	1
13230	3
13231	2
13232	4
13233	4
13236	2
13237	2
13238	2
13239	1
13240	1
13241	3
13242	4
13243	1
13245	3
13246	1
13248	2
13249	2
13250	2
13251	4
13252	1
13253	2
13254	2
13255	1
13256	1
13257	1
13258	1
13260	1
13261	1
13262	3
13263	2
13264	2
13265	1
13266	3
13267	3
13268	3
13269	1
13271	4
13272	3
13273	1
13274	3
13276	5
13277	3
13278	2
13279	3
13280	1
13281	1
13282	2
13283	4
13284	2
13285	1
13286	2
13287	3
13288	4
13290	2
13292	1
13293	3
13294	3
13295	1
13297	1
13298	4
13299	1
13300	2
13302	2
13303	2
13305	2
13306	2
13307	5
13308	2
13309	3
13310	3
13311	4
13312	1
13313	2
13315	2
13316	2
13317	1
13318	6
13319	1
13320	1
13322	2
13323	2
13324	2
13325	2
13326	2
13327	3
13328	1
13329	2
13332	1
13333	4
13334	3
13335	2
13336	3
13337	1
13339	3
13340	1
13341	2
13342	1
13344	1
13345	2
13346	3
13347	1
13348	2
13349	1
13350	2
13351	6
13352	2
13353	1
13354	3
13356	1
13358	1
13359	1
13361	2
13362	1
13363	2
13366	2
13367	2
13368	2
13369	4
13370	1
13371	1
13372	1
13373	1
13374	1
13375	2
13376	1
13377	1
13379	2
13380	3
13381	2
13382	3
13383	3
13384	2
13387	4
13388	3
13389	1
13390	4
13391	1
13392	1
13393	1
13394	2
13395	4
13396	2
13397	2
13398	2
13399	4
13400	2
13401	1
13402	1
13403	3
13404	2
13405	2
13406	1
13407	5
13408	1
13409	4
13410	2
13411	1
13412	1
13413	2
13414	1
13415	2
13417	1
13418	1
13419	2
13421	1
13422	4
13423	1
13425	2
13427	3
13428	2
13429	2
13431	2
13432	4
13433	1
13434	2
13435	3
13436	1
13438	1
13439	1
13441	2
13442	3
13443	2
13446	1
13447	1
13448	1
13449	3
13450	2
13451	2
13452	1
13453	3
13454	4
13455	2
13456	2
13458	4
13459	3
13461	2
13462	2
13464	3
13465	2
13466	1
13467	4
13468	2
13469	1
13470	2
13471	3
13472	4
13473	2
13474	1
13475	2
13476	4
13479	1
13480	1
13481	3
13482	1
13483	2
13484	1
13485	1
13486	3
13487	2
13489	2
13491	3
13492	2
13493	5
13494	3
13495	6
13496	1
13497	2
13498	1
13499	1
13500	1
13501	1
13503	3
13506	1
13507	2
13508	5
13509	1
13511	2
13512	2
13513	1
13514	1
13515	1
13517	1
13518	2
13519	2
13521	4
13522	1
13523	1
13524	3
13525	2
13526	3
13527	2
13528	2
13529	2
13530	2
13531	4
13532	1
13533	3
13535	3
13536	2
13537	3
13540	5
13541	3
13542	3
13543	2
13544	1
13545	1
13546	1
13547	2
13548	1
13550	1
13551	4
13553	1
13554	5
13557	1
13558	3
13562	2
13563	3
13566	3
13567	3
13568	1
13569	2
13570	1
13572	1
13573	1
13574	5
13575	2
13576	1
13577	1
13578	2
13579	2
13581	2
13582	2
13583	3
13584	4
13585	4
13586	4
13587	1
13588	1
13589	2
13590	5
13591	1
13592	3
13593	2
13594	3
13595	1
13596	1
13597	1
13598	1
13600	5
13601	5
13602	1
13603	3
13604	3
13605	3
13606	1
13608	1
13609	2
13610	4
13611	1
13612	1
13613	2
13615	2
13616	2
13617	1
13618	4
13619	3
13620	1
13621	5
13622	1
13623	3
13624	1
13625	4
13626	2
13627	2
13628	3
13630	2
13632	1
13634	2
13635	2
13636	2
13637	1
13638	3
13640	1
13641	2
13642	1
13643	5
13644	3
13645	1
13647	2
13648	3
13649	2
13650	1
13651	1
13652	1
13653	3
13654	1
13655	4
13656	2
13657	1
13658	1
13659	1
13660	2
13661	1
13662	2
13663	4
13664	2
13665	3
13667	2
13669	1
13670	3
13672	2
13673	2
13674	1
13676	1
13678	1
13680	1
13682	4
13684	1
13685	1
13687	2
13688	3
13689	2
13690	1
13691	3
13692	1
13693	6
13694	1
13695	2
13697	2
13698	3
13699	2
13700	2
13702	3
13703	2
13704	2
13705	1
13706	1
13708	2
13709	1
13710	1
13712	3
13713	2
13715	1
13716	2
13717	1
13719	2
13720	1
13722	4
13723	1
13726	1
13727	1
13728	2
13729	1
13730	2
13731	3
13733	2
13734	2
13735	4
13736	1
13737	4
13738	1
13739	3
13740	2
13741	1
13742	1
13743	1
13744	4
13745	3
13746	2
13747	1
13748	1
13749	1
13750	3
13751	1
13752	1
13753	1
13754	2
13756	2
13757	1
13758	3
13759	2
13760	4
13763	2
13764	2
13765	2
13766	1
13767	1
13768	5
13769	3
13771	3
13772	3
13773	1
13775	1
13778	4
13780	1
13782	1
13783	1
13785	3
13786	2
13787	1
13788	2
13789	3
13790	3
13791	2
13792	1
13794	4
13795	1
13796	1
13797	2
13798	2
13799	2
13800	3
13801	2
13802	3
13803	2
13804	3
13805	2
13806	2
13807	4
13808	1
13809	1
13810	2
13812	3
13814	1
13815	3
13817	1
13818	2
13819	1
13821	5
13823	1
13824	2
13825	3
13826	3
13827	1
13828	2
13829	1
13831	3
13832	1
13833	2
13834	2
13835	2
13836	3
13838	3
13839	2
13841	3
13843	1
13844	1
13845	1
13847	1
13848	2
13849	2
13853	2
13854	3
13858	1
13859	1
13861	3
13863	2
13865	3
13866	1
13867	2
13868	1
13869	3
13870	2
13874	1
13877	3
13879	1
13880	1
13881	2
13882	1
13883	1
13884	2
13885	1
13887	3
13888	2
13889	1
13890	1
13891	1
13892	2
13893	2
13894	3
13895	1
13897	3
13898	1
13899	3
13900	4
13901	1
13902	2
13903	4
13904	3
13905	1
13906	1
13907	2
13908	1
13909	4
13910	1
13911	1
13912	2
13913	2
13914	3
13915	3
13916	1
13918	1
13919	2
13920	1
13921	1
13925	1
13926	1
13928	1
13929	1
13931	1
13932	2
13934	1
13936	3
13937	1
13938	1
13939	1
13940	4
13942	2
13943	1
13944	2
13945	1
13946	3
13947	1
13948	4
13949	2
13951	1
13952	1
13954	2
13957	2
13958	1
13959	2
13960	3
13961	1
13962	1
13963	1
13964	1
13965	1
13966	1
13968	4
13969	1
13970	2
13971	1
13972	1
13974	1
13975	2
13976	3
13977	2
13978	2
13979	2
13980	2
13982	1
13983	1
13986	2
13988	2
13989	5
13990	4
13991	3
13993	1
13995	2
13996	2
13997	1
13998	1
13999	3
14000	3
14001	1
14003	2
14004	3
14005	1
14006	1
14007	3
14008	1
14009	1
14014	1
14015	2
14016	1
14018	2
14019	1
14020	1
14021	4
14022	1
14025	3
14026	2
14028	3
14029	1
14030	2
14031	3
14032	3
14033	2
14034	2
14035	3
14037	4
14038	1
14039	1
14040	3
14041	1
14043	4
14044	2
14045	1
14048	3
14049	2
14050	1
14051	1
14052	1
14055	2
14056	2
14057	1
14058	1
14060	1
14061	2
14062	1
14063	3
14067	2
14068	2
14069	3
14072	1
14073	2
14076	2
14077	1
14079	1
14080	2
14081	1
14082	1
14083	3
14084	1
14085	1
14086	1
14087	1
14089	2
14090	1
14091	1
14093	4
14094	1
14095	1
14098	2
14099	2
14100	1
14101	1
14102	2
14105	2
14106	2
14107	1
14108	1
14109	1
14110	1
14111	2
14112	2
14113	1
14114	2
14115	1
14116	2
14117	3
14121	2
14122	1
14124	2
14125	1
14127	1
14128	1
14129	2
14132	1
14133	1
14134	1
14135	1
14136	5
14137	1
14138	1
14139	1
14140	3
14141	2
14144	1
14145	2
14146	4
14147	1
14148	1
14149	1
14150	1
14151	2
14152	2
14153	1
14154	1
14155	1
14156	2
14157	2
14158	8
14159	1
14161	1
14163	1
14164	2
14165	1
14166	1
14167	2
14169	3
14170	2
14171	2
14172	2
14173	1
14174	2
14175	1
14176	1
14177	3
14178	1
14179	1
14181	4
14182	2
14184	2
14186	2
14187	1
14188	1
14189	2
14190	1
14192	1
14193	3
14194	1
14197	5
14198	2
14199	2
14200	2
14202	2
14203	2
14204	2
14205	1
14206	2
14207	2
14209	2
14210	2
14212	1
14213	1
14215	2
14216	1
14217	1
14218	2
14221	2
14222	1
14223	2
14226	1
14227	3
14228	2
14229	2
14232	2
14233	4
14234	1
14235	1
14236	3
14237	2
14239	1
14240	5
14241	1
14242	1
14245	1
14247	1
14249	1
14251	1
14252	1
14253	1
14254	1
14255	1
14256	1
14261	1
14262	1
14266	1
14267	1
14269	2
14270	1
14271	2
14274	1
14275	1
14277	1
14279	2
14280	1
14281	2
14282	1
14283	1
14284	1
14285	2
14286	2
14287	3
14289	3
14290	1
14291	1
14293	3
14294	1
14295	2
14296	1
14297	2
14298	1
14300	1
14304	1
14306	1
14307	3
14308	4
14309	1
14311	2
14312	2
14313	1
14315	1
14316	1
14317	3
14319	3
14324	1
14325	2
14326	1
14327	1
14328	3
14329	1
14331	1
14332	1
14334	3
14335	1
14336	1
14337	1
14340	1
14341	2
14342	3
14343	1
14344	1
14346	2
14347	1
14348	1
14349	2
14350	2
14351	1
14352	3
14353	3
14355	1
14356	2
14357	2
14359	2
14360	1
14361	1
14362	1
14363	1
14365	1
14368	1
14369	1
14373	2
14374	1
14375	1
14376	1
14380	2
14381	4
14382	1
14383	2
14384	2
14385	1
14387	2
14392	3
14393	1
14394	1
14397	1
14398	3
14400	1
14401	1
14404	1
14405	1
14406	4
14407	3
14408	3
14409	1
14410	1
14411	1
14413	4
14414	1
14416	1
14417	2
14418	3
14419	1
14420	1
14421	2
14422	1
14423	4
14425	2
14426	1
14427	1
14428	2
14429	5
14430	1
14431	3
14434	3
14435	1
14436	2
14439	1
14440	1
14441	1
14442	1
14443	3
14445	1
14446	2
14447	1
14449	1
14450	1
14451	2
14452	2
14453	4
14454	3
14455	2
14456	1
14457	2
14458	1
14459	1
14461	1
14463	1
14464	1
14466	3
14467	1
14468	1
14470	1
14471	1
14473	1
14475	2
14476	1
14477	2
14478	1
14479	2
14481	1
14482	2
14488	1
14491	1
14492	1
14495	2
14496	1
14497	2
14498	1
14499	3
14500	2
14501	1
14502	2
14503	1
14504	2
14507	4
14509	1
14510	2
14512	1
14515	3
14519	1
14522	1
14524	1
14527	1
14528	1
14529	1
14530	3
14532	2
14534	2
14535	1
14537	1
14538	1
14540	1
14541	1
14544	1
14545	2
14546	1
14547	2
14550	1
14554	1
14555	1
14560	1
14561	1
14563	1
14565	1
14566	1
14567	1
14570	1
14571	3
14572	1
14574	1
14575	3
14577	1
14579	1
14587	1
14589	2
14591	1
14593	3
14594	1
14595	1
14596	1
14597	2
14598	1
14599	1
14600	1
14601	3
14602	1
14603	2
14605	1
14606	1
14609	2
14610	1
14611	1
14612	1
14614	3
14616	1
14617	2
14620	3
14621	1
14623	1
14626	2
14628	1
14630	1
14632	1
14633	1
14636	1
14637	3
14638	1
14639	3
14640	1
14642	1
14643	2
14644	1
14645	1
14646	1
14647	2
14648	2
14649	2
14650	1
14652	1
14656	2
14657	2
14658	1
14659	2
14660	1
14661	1
14662	1
14665	3
14666	2
14667	1
14669	1
14672	3
14673	2
14675	1
14677	3
14678	2
14683	1
14685	2
14686	2
14688	1
14689	1
14691	3
14692	2
14693	1
14694	2
14696	1
14697	2
14700	1
14703	1
14706	1
14709	1
14710	2
14711	1
14712	1
14713	2
14714	3
14717	1
14718	1
14720	1
14721	2
14722	2
14723	2
14724	1
14725	1
14727	1
14729	1
14733	1
14735	2
14737	2
14740	1
14742	2
14744	2
14745	2
14747	2
14750	1
14754	1
14756	1
14759	1
14761	1
14763	2
14764	1
14767	1
14768	1
14771	1
14773	1
14774	1
14776	1
14778	2
14779	1
14781	1
14782	1
14783	1
14784	1
14786	1
14788	1
14790	1
14791	1
14792	1
14793	3
14794	2
14795	1
14796	1
14797	3
14798	1
14799	1
14800	1
14803	1
14806	2
14807	1
14810	1
14811	1
14812	1
14814	1
14815	1
14817	1
14819	1
14821	1
14822	1
14824	3
14825	1
14826	1
14827	2
14832	1
14833	1
14837	1
14839	1
14841	3
14842	1
14843	1
14844	2
14845	3
14846	1
14847	4
14848	1
14849	1
14851	2
14853	4
14854	1
14855	2
14856	2
14859	2
14860	1
14863	2
14866	2
14868	1
14872	1
14873	2
14875	1
14876	3
14877	2
14878	2
14879	2
14881	2
14884	1
14885	1
14886	1
14888	1
14889	1
14891	1
14892	1
14893	1
14896	3
14897	2
14899	1
14900	1
14902	1
14903	1
14905	2
14907	1
14909	2
14910	1
14911	1
14912	1
14913	2
14915	2
14917	3
14918	1
14919	1
14923	3
14925	3
14927	2
14928	1
14930	1
14932	2
14933	1
14935	1
14937	2
14938	1
14939	2
14940	2
14941	2
14942	2
14943	1
14944	1
14945	3
14946	1
14947	1
14948	1
14949	1
14950	1
14952	1
14953	1
14954	1
14955	1
14956	1
14958	1
14961	1
14962	1
14968	2
14969	1
14970	1
14972	1
14973	1
14976	1
14977	1
14981	3
14982	2
14984	1
14986	1
14987	2
14989	1
14990	2
14991	2
14992	2
14993	1
14995	2
14998	1
14999	1
15000	1
15002	1
15004	1
15005	1
15006	1
15011	2
15014	1
15015	2
15018	1
15020	1
15022	1
15023	1
15024	1
15025	2
15027	1
15028	1
15030	2
15031	3
15032	1
15033	1
15036	1
15037	2
15038	1
15039	3
15041	1
15042	1
15043	1
15044	2
15045	2
15046	2
15052	1
15053	2
15054	2
15057	1
15060	4
15067	1
15070	1
15071	2
15072	3
15074	2
15075	2
15076	2
15077	1
15078	1
15079	1
15080	1
15082	1
15083	1
15085	1
15089	1
15090	1
15091	2
15092	2
15093	1
15095	3
15096	1
15097	3
15100	3
15103	1
15105	1
15106	1
15107	1
15108	1
15109	2
15110	1
15113	1
15114	1
15115	2
15116	2
15117	3
15122	1
15125	2
15127	1
15128	1
15129	2
15130	1
15131	3
15132	3
15133	1
15134	4
15138	1
15140	1
15144	2
15146	1
15152	1
15153	1
15157	2
15158	3
15160	1
15161	1
15164	1
15165	2
15166	1
15167	1
15168	1
15169	1
15174	1
15175	1
15176	1
15179	1
15180	1
15182	1
15183	2
15185	2
15186	2
15188	1
15190	2
15191	1
15193	1
15196	1
15197	1
15198	1
15199	2
15203	1
15204	1
15206	1
15207	1
15208	1
15210	1
15213	1
15215	2
15217	1
15218	2
15219	3
15223	2
15224	1
15225	1
15227	1
15229	2
15230	1
15232	2
15233	2
15234	2
15237	1
15239	1
15241	1
15243	2
15245	1
15248	1
15249	1
15255	1
15256	1
15257	3
15259	1
15260	1
15261	2
15262	1
15263	1
15266	1
15268	2
15269	1
15271	3
15272	2
15273	2
15276	2
15277	1
15278	2
15280	2
15283	1
15285	1
15289	1
15290	1
15291	1
15292	1
15293	1
15294	1
15295	1
15297	2
15298	1
15299	2
15300	2
15301	1
15302	1
15304	1
15305	2
15307	1
15310	3
15311	1
15312	1
15318	1
15320	2
15325	3
15326	2
15328	1
15329	1
15337	1
15340	1
15341	2
15343	1
15344	1
15345	1
15346	2
15353	1
15355	1
15361	2
15364	1
15365	2
15366	1
15367	1
15368	1
15371	2
15375	2
15379	1
15382	1
15383	1
15386	2
15387	2
15390	2
15392	1
15395	1
15398	1
15399	2
15401	1
15402	1
15403	1
15406	1
15407	1
15409	1
15410	1
15411	1
15413	1
15415	3
15417	2
15422	1
15424	1
15426	1
15429	1
15430	2
15431	1
15434	1
15440	1
15441	2
15443	2
15445	1
15446	1
15450	1
15452	1
15454	1
15456	3
15458	1
15461	2
15463	1
15466	1
15467	4
15469	2
15471	1
15472	1
15473	1
15474	2
15477	2
15478	1
15482	2
15484	1
15487	1
15488	2
15491	1
15492	1
15494	2
15495	1
15501	1
15504	2
15506	1
15507	2
15508	1
15509	1
15510	1
15511	1
15512	1
15514	1
15515	2
15516	1
15517	1
15519	1
15520	2
15521	3
15523	1
15524	1
15525	1
15527	1
15528	2
15530	1
15532	1
15534	1
15535	1
15538	1
15539	1
15540	1
15542	2
15543	1
15545	2
15546	1
15547	1
15549	1
15551	2
15552	1
15554	2
15555	2
15556	1
15558	1
15559	1
15562	1
15563	1
15565	2
15566	2
15568	1
15569	1
15570	1
15573	1
15575	2
15577	3
15581	2
15582	3
15585	2
15586	2
15588	3
15589	1
15590	1
15592	1
15593	1
15594	1
15595	1
15596	2
15599	1
15600	2
15601	1
15603	2
15605	2
15608	1
15611	1
15613	1
15614	1
15615	3
15617	1
15619	2
15621	2
15625	2
15626	1
15627	1
15636	1
15639	1
15640	1
15641	2
15643	1
15644	2
15645	1
15649	3
15650	1
15652	1
15656	1
15657	1
15660	1
15661	3
15671	2
15672	1
15674	1
15677	1
15678	1
15679	2
15680	1
15681	1
15682	1
15684	1
15686	1
15687	1
15688	1
15689	1
15695	1
15697	2
15702	1
15704	1
15708	2
15710	2
15711	2
15713	1
15715	2
15716	2
15717	1
15722	1
15723	1
15724	1
15726	1
15729	1
15731	1
15733	1
15734	1
15735	1
15736	2
15737	1
15738	2
15739	1
15742	1
15744	2
15745	1
15747	2
15752	2
15756	3
15759	1
15760	1
15763	1
15764	2
15767	2
15776	1
15778	1
15780	1
15782	1
15786	1
15788	1
15789	1
15791	1
15793	2
15794	1
15797	1
15799	2
15800	1
15808	1
15810	1
15811	1
15813	1
15815	2
15816	1
15820	1
15821	3
15822	1
15827	2
15828	1
15829	1
15831	1
15832	1
15834	2
15835	1
15836	2
15840	1
15841	1
15845	1
15847	1
15852	1
15854	1
15856	1
15857	1
15858	1
15859	1
15860	1
15861	2
15866	1
15867	1
15872	2
15874	1
15875	1
15876	1
15880	1
15881	1
15882	1
15886	1
15887	1
15888	1
15892	2
15895	1
15900	2
15901	1
15905	1
15910	2
15911	1
15918	1
15919	1
15922	2
15925	2
15928	1
15930	1
15932	2
15933	1
15935	1
15938	1
15939	1
15941	1
15944	1
15945	1
15946	2
15948	1
15951	2
15953	1
15955	1
15956	1
15961	2
15962	1
15963	1
15964	1
15965	1
15966	1
15970	2
15975	2
15976	2
15979	1
15980	3
15983	2
15984	1
15986	1
15990	1
15993	1
16000	1
16002	1
16004	2
16008	1
16010	1
16013	3
16016	2
16022	1
16023	1
16024	1
16028	1
16029	1
16033	1
16034	1
16035	1
16037	1
16042	1
16044	1
16045	2
16047	1
16049	2
16050	2
16051	1
16053	1
16056	1
16061	1
16064	1
16068	1
16069	1
16070	1
16075	1
16078	1
16082	2
16083	1
16087	2
16088	1
16089	1
16094	2
16095	2
16097	1
16098	1
16103	1
16104	1
16105	1
16113	1
16115	2
16117	2
16118	1
16119	1
16120	2
16121	1
16124	1
16125	2
16126	1
16135	1
16139	1
16140	3
16141	1
16142	1
16146	1
16148	1
16149	1
16151	2
16152	1
16153	2
16155	1
16161	1
16166	1
16167	1
16168	2
16169	1
16170	1
16172	1
16173	1
16175	1
16176	1
16177	2
16178	1
16179	1
16185	1
16189	1
16192	1
16195	1
16197	3
16201	1
16203	1
16209	1
16211	1
16214	1
16216	1
16218	1
16219	2
16220	1
16224	1
16226	1
16227	2
16230	1
16232	1
16233	1
16234	1
16236	1
16237	2
16238	1
16241	1
16242	1
16243	2
16244	2
16247	2
16248	1
16251	1
16254	2
16256	1
16258	1
16260	1
16261	1
16263	1
16264	2
16270	1
16276	1
16277	1
16283	2
16285	2
16291	1
16295	1
16296	1
16299	3
16300	1
16307	1
16308	1
16310	1
16311	1
16314	1
16316	2
16318	1
16319	1
16325	2
16327	1
16329	1
16331	1
16342	1
16343	1
16348	1
16350	1
16352	2
16353	1
16356	2
16359	2
16360	1
16361	2
16362	1
16367	1
16368	2
16371	1
16377	1
16382	1
16383	1
16384	1
16385	1
16386	1
16388	1
16390	1
16395	2
16396	1
16397	1
16402	2
16404	1
16408	1
16411	2
16416	1
16420	1
16422	1
16423	1
16425	1
16426	1
16429	1
16436	1
16437	1
16438	1
16441	1
16442	1
16444	1
16448	1
16450	2
16451	1
16454	1
16455	1
16458	2
16463	1
16465	1
16466	1
16468	2
16469	1
16470	2
16474	2
16476	1
16479	1
16485	1
16486	1
16488	1
16500	1
16501	1
16507	1
16508	1
16510	1
16513	1
16514	2
16520	1
16521	1
16525	2
16529	1
16533	1
16536	1
16539	1
16542	2
16547	1
16550	1
16554	1
16555	1
16557	2
16558	1
16561	1
16562	1
16563	2
16564	1
16571	2
16572	1
16579	1
16580	1
16581	1
16587	2
16588	2
16590	1
16591	1
16594	1
16595	1
16598	1
16600	1
16602	1
16610	1
16611	1
16612	1
16617	1
16621	1
16622	1
16623	1
16629	1
16630	2
16631	1
16638	1
16639	1
16642	1
16645	1
16647	1
16648	1
16649	1
16656	1
16657	1
16658	2
16661	1
16663	1
16665	1
16666	1
16667	1
16670	1
16676	1
16677	1
16686	1
16687	1
16688	2
16690	1
16692	1
16693	1
16701	1
16706	1
16708	1
16712	1
16717	1
16718	1
16721	2
16726	1
16731	1
16734	2
16739	1
16741	1
16743	1
16745	1
16748	1
16749	2
16751	2
16752	1
16757	1
16758	1
16759	1
16760	1
16766	1
16775	1
16780	1
16781	1
16783	1
16785	3
16787	1
16788	2
16793	1
16798	2
16799	1
16800	1
16806	1
16808	2
16815	1
16817	1
16820	1
16824	1
16825	1
16828	1
16829	2
16831	1
16833	1
16836	2
16841	1
16848	1
16853	1
16854	1
16855	1
16858	2
16867	1
16868	1
16869	1
16870	1
16872	1
16873	1
16888	1
16892	2
16900	1
16904	1
16905	1
16906	1
16908	1
16909	1
16915	1
16916	1
16918	2
16919	1
16923	1
16924	1
16925	1
16927	1
16928	1
16934	1
16937	1
16938	1
16939	1
16945	1
16946	1
16949	1
16950	1
16958	1
16959	1
16960	1
16962	1
16964	2
16970	1
16974	1
16978	1
16981	1
16982	1
16989	1
16990	1
16991	2
16992	1
16993	1
16997	1
17009	1
17012	1
17013	1
17015	2
17016	1
17018	1
17024	1
17026	1
17027	1
17028	1
17031	1
17032	1
17033	1
17034	1
17042	1
17044	1
17046	2
17061	1
17070	1
17080	1
17081	1
17084	1
17087	1
17089	1
17090	1
17092	1
17094	2
17095	1
17096	1
17097	2
17101	1
17107	1
17110	1
17111	1
17118	1
17120	1
17123	2
17124	2
17131	1
17136	1
17137	1
17140	1
17142	1
17144	1
17145	1
17150	1
17152	1
17154	1
17159	1
17166	1
17173	1
17176	1
17181	1
17190	2
17195	1
17196	2
17197	1
17198	2
17199	1
17200	1
17201	1
17202	1
17207	2
17208	1
17209	1
17213	1
17215	1
17228	2
17229	1
17235	1
17243	1
17244	1
17247	2
17248	1
17250	1
17251	1
17255	2
17266	2
17267	1
17270	1
17288	1
17289	2
17290	1
17293	1
17301	1
17305	1
17309	1
17312	2
17323	1
17329	1
17333	1
17335	2
17338	1
17341	1
17343	2
17349	1
17351	1
17352	1
17355	2
17358	1
17362	2
17364	1
17367	1
17383	1
17387	1
17391	1
17396	1
17407	1
17417	1
17419	1
17426	1
17427	2
17437	1
17438	1
17439	1
17441	1
17444	1
17447	1
17450	1
17452	2
17455	2
17457	1
17459	1
17467	1
17471	1
17475	1
17476	1
17485	1
17490	1
17493	1
17497	1
17504	1
17505	2
17510	1
17511	1
17518	1
17526	1
17531	1
17532	1
17537	1
17539	1
17540	1
17541	1
17546	1
17551	1
17571	1
17572	1
17577	1
17582	1
17589	1
17591	1
17598	2
17604	1
17610	1
17611	1
17617	2
17621	1
17622	1
17624	1
17628	1
17633	1
17642	1
17651	2
17667	1
17673	1
17675	1
17681	1
17706	2
17707	1
17708	1
17711	2
17720	1
17728	2
17735	1
17736	1
17745	1
17753	1
17756	1
17760	1
17766	1
17768	2
17773	1
17775	1
17782	1
17793	1
17798	1
17809	2
17814	1
17832	1
17837	1
17842	1
17843	1
17853	1
17855	2
17864	1
17868	1
17871	1
17876	2
17880	1
17884	3
17891	1
17902	1
17905	1
17909	1
17920	1
17928	1
17930	1
17931	1
17941	2
17947	1
17965	1
17967	1
17975	1
17979	1
17981	1
17983	1
17998	2
18006	2
18008	1
18014	2
18015	1
18018	1
18021	1
18023	1
18029	2
18035	1
18039	1
18040	1
18047	1
18050	1
18051	1
18056	1
18065	1
18068	1
18077	1
18080	1
18090	1
18091	1
18093	1
18101	1
18102	1
18105	1
18106	1
18108	1
18109	1
18127	1
18129	1
18131	1
18133	1
18134	1
18149	1
18153	2
18155	1
18157	1
18165	1
18167	1
18174	2
18175	2
18178	1
18181	1
18184	1
18188	1
18189	1
18196	1
18198	1
18200	1
18202	1
18212	3
18222	1
18227	1
18237	1
18241	1
18242	1
18243	1
18247	1
18249	1
18252	1
18254	1
18261	1
18265	2
18266	2
18268	1
18271	2
18272	2
18275	1
18278	1
18282	1
18286	1
18289	1
18291	1
18302	1
18316	1
18317	1
18323	1
18327	1
18329	2
18339	1
18342	1
18346	1
18353	1
18354	1
18355	1
18357	1
18358	1
18375	1
18391	1
18394	1
18400	1
18414	2
18421	1
18434	1
18435	1
18446	1
18457	1
18467	1
18468	1
18478	1
18479	1
18501	1
18524	1
18534	1
18535	1
18539	1
18544	1
18551	1
18552	1
18570	1
18572	1
18574	1
18577	2
18582	1
18583	1
18584	1
18587	1
18588	2
18591	1
18601	1
18603	1
18615	1
18619	1
18622	1
18629	1
18630	2
18638	1
18652	1
18654	1
18656	1
18658	1
18663	1
18667	1
18670	1
18689	1
18691	1
18693	1
18699	1
18700	1
18704	1
18706	1
18708	1
18711	1
18721	1
18732	1
18738	1
18750	1
18755	1
18758	2
18769	1
18781	1
18787	1
18790	1
18797	2
18798	1
18809	1
18823	1
18829	1
18830	1
18832	1
18836	1
18843	1
18848	1
18858	2
18860	1
18863	1
18877	1
18878	1
18895	1
18899	1
18902	1
18914	1
18921	1
18923	1
18924	1
18925	1
18929	1
18937	1
18967	2
18983	2
18984	1
18986	1
18990	1
18992	1
18995	1
19001	1
19008	1
19016	1
19017	1
19022	1
19025	1
19029	1
19050	1
19065	1
19075	1
19087	1
19101	1
19106	1
19119	1
19125	2
19127	1
19131	1
19146	1
19151	1
19152	1
19156	1
19158	1
19160	1
19164	1
19170	1
19178	1
19193	1
19197	1
19198	1
19203	1
19219	1
19221	1
19228	1
19231	1
19241	1
19244	1
19249	1
19258	1
19265	1
19271	1
19273	1
19274	2
19276	1
19285	1
19288	1
19291	1
19304	1
19307	1
19308	1
19309	1
19318	1
19330	1
19331	1
19339	1
19346	1
19369	1
19372	1
19375	1
19379	1
19387	1
19393	1
19409	1
19419	2
19421	1
19429	1
19442	1
19451	3
19452	1
19475	1
19486	1
19494	1
19501	1
19508	1
19513	1
19515	1
19523	1
19536	1
19538	1
19546	1
19550	1
19552	1
19571	1
19576	1
19617	2
19620	1
19640	1
19657	1
19662	1
19667	2
19678	1
19683	1
19685	1
19694	1
19704	1
19705	1
19708	1
19743	1
19755	1
19762	1
19768	1
19782	1
19790	1
19793	1
19796	1
19801	1
19805	1
19809	1
19820	1
19821	1
19827	1
19844	1
19863	1
19867	1
19868	1
19870	1
19871	1
19875	1
19877	1
19881	1
19884	1
19888	1
19891	1
19896	1
19902	1
19910	1
19914	1
19916	1
19925	1
19944	1
19948	1
19953	1
19965	1
19975	1
19984	1
19985	1
19987	1
19995	1
20001	1
20008	1
20017	1
20021	1
20034	1
20047	1
20061	1
20062	1
20069	1
20089	2
20091	1
20098	1
20099	1
20113	1
20114	1
20118	1
20121	1
20126	1
20135	1
20138	1
20142	1
20152	1
20164	1
20165	1
20183	1
20184	1
20189	1
20193	1
20201	1
20204	1
20215	1
20216	1
20222	2
20234	1
20241	1
20249	1
20266	1
20330	1
20331	1
20337	1
20346	1
20354	1
20380	1
20397	1
20425	1
20430	1
20431	1
20434	1
20438	2
20441	1
20449	1
20457	1
20461	1
20468	1
20478	1
20481	1
20482	1
20488	1
20497	1
20526	1
20544	1
20546	1
20548	1
20549	1
20557	1
20560	1
20566	1
20599	1
20600	1
20602	1
20633	1
20640	1
20669	1
20675	1
20698	1
20702	1
20704	1
20705	1
20718	1
20719	1
20725	1
20743	1
20763	1
20786	1
20811	1
20813	1
20832	1
20853	1
20889	1
20891	1
20892	2
20903	1
20910	1
20925	1
20937	1
20939	1
20951	1
20963	1
20976	1
20995	1
21009	1
21026	1
21032	1
21036	1
21044	1
21053	1
21055	1
21059	1
21083	1
21116	1
21141	1
21145	1
21155	1
21192	1
21197	1
21207	1
21226	1
21248	1
21250	1
21256	1
21273	2
21284	1
21286	1
21291	1
21298	1
21304	1
21323	1
21328	1
21356	1
21357	1
21370	1
21397	1
21399	1
21420	1
21421	1
21435	1
21495	1
21499	1
21504	1
21519	1
21520	1
21531	1
21567	1
21590	1
21594	1
21599	1
21611	1
21615	1
21619	1
21637	1
21657	1
21668	1
21702	1
21712	1
21761	1
21789	2
21795	1
21797	1
21800	1
21806	1
21849	1
21895	1
21925	1
21928	1
21942	1
21960	1
21961	1
22012	1
22019	1
22046	1
22085	1
22093	1
22147	1
22158	1
22224	1
22239	1
22240	1
22250	1
22253	1
22264	1
22296	1
22316	1
22357	1
22362	1
22445	1
22464	1
22478	1
22501	1
22502	1
22512	1
22534	1
22557	1
22568	1
22601	1
22603	1
22619	1
22625	1
22659	1
22667	1
22670	1
22690	1
22700	1
22758	1
22777	1
22791	1
22805	1
22814	1
22833	1
22839	1
22915	1
22986	1
22999	1
23058	1
23103	1
23153	1
23167	1
23201	1
23224	1
23245	1
23253	1
23255	1
23285	1
23307	1
23383	1
23392	1
23406	1
23443	1
23472	1
23540	1
23554	1
23558	1
23565	1
23602	1
23619	1
23716	1
23922	1
24015	1
24030	1
24180	1
24187	1
24355	1
24393	1
24534	1
24584	1
24654	1
24677	1
24731	1
24804	1
24870	1
24912	1
24936	1
25025	1
25083	1
25104	1
25172	1
25433	1
25541	1
25545	1
25598	1
25631	1
25741	1
25906	1
25909	1
25929	1
25976	1
26072	1
26274	1
26358	1
26360	1
26400	1
26427	1
26519	1
26540	1
26543	1
26576	1
26625	1
26687	1
26811	1
26849	1
27138	1
27196	1
27287	1
27882	2
28543	1
28670	1
28757	1
29745	1
29887	1
30055	1
30992	1
31518	1
33883	1
35150	1
